1710754318263183700, SB-09D3, -3.668426349759102, 21.02576643228531, 70, 349, -0.13356629676358128, 0.6871390284133648, -0.2046695314347744, 0.06585459411144257, 0.1023347657173872, -0.03292729705572128, 1, 1, 1
1710754318622142000, SB-A753, -24.138827621936798, 27.615422010421753, 80, 320, -0.6477963845128131, 1.299974582908547, 0.17937149479985237, 0.08162784576416016, -0.08968574739992619, -0.04081392288208008, 1, 1, 1
1710754318654950600, SB-09D3, -6.201678141951561, 35.77820658683777, 70, 349, -0.6370226096034515, 1.308855797578941, -0.17937149479985237, -0.08162784576416016, 0.08968574739992619, 0.04081392288208008, 1, 1, 1
1710754319018976100, SB-09D3, -7.469254732131958, 45.26337683200836, 71, 349, -0.638930699557217, 1.3186720694134182, -0.20621457695960999, -0.12997233867645264, 0.10310728847980499, 0.06498616933822632, 1, 1, 1
1710754319021009900, SB-A753, -28.090712428092957, 32.2661429643631, 80, 321, -0.638930699557217, 1.3186720694134182, 0.20621457695960999, 0.12997233867645264, -0.10310728847980499, -0.06498616933822632, 1, 1, 1
1710754319377083900, SB-09D3, -8.987651020288467, 55.35789728164673, 72, 349, -0.6299116569316388, 1.3371801749676957, -0.2361018881201744, -0.17903092503547668, 0, 0, 1, 1, 0
1710754319490348600, SB-A753, -32.59783983230591, 37.45480477809906, 80, 322, -0.6318197468854042, 1.3469964468021725, 0.22614505887031555, 0.23556342720985413, 0, 0, 1, 1, 0
1710754319836610500, SB-A753, -44.71382200717926, 51.53067111968994, 80, 323, -0.6207425851465164, -0.07767943587896049, 0.32933012396097183, 0.2108677625656128, 0, 0, 1, 1, 0
1710754319927754400, SB-09D3, -12.476342171430588, 76.79325342178345, 73, 191, -0.6207425851465164, -0.07767943587896049, -0.3223747983574867, -0.25262582302093506, 0, 0, 1, 1, 0
1710754320263073100, SB-09D3, -16.080965101718903, 82.20425248146057, 73, 192, -0.6332275528186032, -1.3529561565735122, -0.37822364270687103, -0.19882416725158691, 0, 0, 1, 1, 0
1710754320439427400, SB-A753, -58.51349234580994, 67.83868670463562, 80, 217, -0.6479157987360987, -1.3599422559789085, 0.40779490768909454, 0.14878112077713013, 0, 0, 1, 1, 0
1710754320572187100, SB-09D3, -19.730068743228912, 82.34936594963074, 74, 193, -0.6479157987360987, -1.3599422559789085, -0.42394714057445526, -0.10408830642700195, 0, 0, 1, 1, 0
1710754320786510000, SB-A753, -69.21452283859253, 76.32483839988708, 80, 217, -0.6628934402213894, -1.3666302027448316, 0.4825372099876404, 0.031157314777374268, 0, 0, 1, 1, 0
1710754320889437800, SB-09D3, -21.395665407180786, 76.63238644599915, 75, 194, -0.6628934402213894, -1.3666302027448316, -0.47818857431411743, -0.0030754804611206055, 0, 0, 1, 1, 0
1710754321203501500, SB-09D3, -23.12576174736023, 69.8237657546997, 76, 195, 0.28474954424372273, -1.373012036017526, -0.5533653497695923, 0.0440974235534668, 0, 0, 1, 1, 0
1710754321419732700, SB-A753, -83.23394656181335, 66.69425368309021, 80, 143, 0.2821613537926975, -1.382671294280417, 0.5877586752176285, -0.02107948064804077, 0, 0, 1, 1, 0
1710754321511820300, SB-09D3, -24.458079040050507, 64.58630561828613, 77, 195, 0.2821613537926975, -1.382671294280417, -0.5877586752176285, 0.02107948064804077, 0, 0, 1, 1, 0
1710754321792736500, SB-A753, -84.78965163230896, 54.443734884262085, 80, 143, 0.27957316334167226, -1.3923305525433076, 0.5732375085353851, -0.018017232418060303, 0, 0, 1, 1, 0
1710754321819015600, SB-09D3, -27.465900778770447, 52.642011642456055, 78, 195, 0.27957316334167226, -1.3923305525433076, -0.5732375085353851, 0.018017232418060303, 0, 0, 1, 1, 0
1710754322268062000, SB-09D3, -32.231783866882324, 32.93553292751312, 79, 345, 0.27698497289064716, 0.12417299473052965, -0.42922401428222656, 0.06151247024536133, 0, 0, 1, 1, 0
1710754322271588300, SB-A753, -75.15418529510498, 39.086779952049255, 80, 143, 0.27698497289064716, 0.12417299473052965, 0.42922401428222656, -0.06151247024536133, 0, 0, 1, 1, 0
1710754322705995400, SB-09D3, -37.788525223731995, 24.59324449300766, 79, 345, 0.2880621346295353, 1.3934900056537416, -0.293672114610672, 0.03978283703327179, 0, 0, 1, 1, 0
1710754322757018300, SB-A753, -62.9830539226532, 23.505544662475586, 80, 38, 0.29899166378079234, 1.4066451839061747, 0.25194528698921204, 0.01087699830532074, 0, 0, 1, 1, 0
1710754323012022700, SB-09D3, -41.191333532333374, 25.255894660949707, 80, 346, 0.2879145020419044, 1.4151449890586316, -0.1938154101371765, -0.04253697395324707, 0.09690770506858826, 0.021268486976623535, 1, 1, 1
1710754323243452500, SB-A753, -52.05792188644409, 18.143676221370697, 80, 37, 0.3014911750465464, 1.4184044598660226, 0.09855163097381592, 0.10154439508914948, -0.04927581548690796, -0.05077219754457474, 1, 1, 1
1710754323329686300, SB-09D3, -42.282092571258545, 32.18863010406494, 80, 347, 0.2902673583588863, 1.4267096473281462, -0.09775829315185547, -0.14044953882694244, 0.048879146575927734, 0.07022476941347122, 1, 1, 1
1710754323590886100, SB-A753, -44.14588510990143, 23.141470551490784, 80, 36, 0.30389884917977067, 1.4297316760870025, 0.007520407438278198, 0.17264479398727417, -0.003760203719139099, -0.08632239699363708, 1, 1, 1
1710754323691477900, SB-09D3, -43.39384436607361, 40.4059499502182, 80, 348, 0.2925317964266289, 1.437839716018238, -0.007520407438278198, -0.17264479398727417, 0.003760203719139099, 0.08632239699363708, 1, 1, 1
1710754324034194200, SB-A753, -35.59655845165253, 36.51814162731171, 80, 35, 0.3062139527796011, 1.4406233821893244, -0.09697318077087402, 0.15829870104789734, 0.04848659038543701, -0.07914935052394867, 1, 1, 1
1710754324035863100, SB-09D3, -45.29387652873993, 52.34801173210144, 80, 349, 0.29470712647536185, 1.4485318048021645, 0.09697318077087402, -0.15829870104789734, -0.04848659038543701, 0.07914935052394867, 1, 1, 1
1710754324463122600, SB-A753, -28.09087038040161, 48.421671986579895, 80, 34, 0.30843578064305316, -0.124616144365733, -0.19677570462226868, 0.23410764336585999, 0, 0, 1, 1, 0
1710754324580005500, SB-09D3, -48.48770499229431, 76.58097743988037, 80, 190, 0.30843578064305316, -0.124616144365733, 0.24247358739376068, -0.22039669752120972, 0, 0, 1, 1, 0
1710754324920987900, SB-09D3, -51.50468349456787, 82.58522152900696, 80, 190, 0.30843578064305316, -1.4510762604537997, 0.35350875556468964, -0.15627139806747437, 0, 0, 1, 1, 0
1710754324982371700, SB-A753, -12.95253038406372, 71.87985181808472, 80, 146, 0.30843578064305316, -1.4510762604537997, -0.3855215311050415, 0.10705369710922241, 0, 0, 1, 1, 0
1710754325239744100, SB-09D3, -54.34454083442688, 82.29907155036926, 80, 190, 0.30843578064305316, -1.4510762604537997, 0.4431980028748512, -0.07024109363555908, 0, 0, 1, 1, 0
1710754325360751600, SB-A753, -5.460546538233757, 77.93151140213013, 80, 146, 0.30843578064305316, -1.4510762604537997, -0.4885304160416126, 0.004745185375213623, 0, 0, 1, 1, 0
1710754325567918200, SB-09D3, -54.35452461242676, 75.50168633460999, 80, 190, 0.30843578064305316, -1.4510762604537997, 0.5242507942020893, 0.02277219295501709, 0, 0, 1, 1, 0
1710754325772293500, SB-A753, 6.552618741989136, 72.06847667694092, 80, 146, 0.30843578064305316, -1.4510762604537997, -0.617786705493927, -0.004313409328460693, 0, 0, 1, 1, 0
1710754325888457800, SB-09D3, -56.27685785293579, 66.9146180152893, 80, 190, 0.30843578064305316, -1.4510762604537997, 0.6282947659492493, 0.05153858661651611, 0, 0, 1, 1, 0
1710754326230063000, SB-09D3, -57.91410803794861, 54.85352873802185, 80, 190, 0.30843578064305316, -1.4510762604537997, 0.6894911080598831, 0.0924602746963501, 0, 0, 1, 1, 0
1710754326236567700, SB-A753, 11.035002768039703, 64.09955620765686, 80, 146, 0.30843578064305316, -1.4510762604537997, -0.6894911080598831, -0.0924602746963501, 0, 0, 1, 1, 0
1710754326596491300, SB-A753, 21.45192176103592, 47.233590483665466, 80, 146, 0.3084357806430532, 0.12461614436573314, -0.8174395710229874, -0.06509780883789062, 0, 0, 1, 1, 0
1710754326715020500, SB-09D3, -61.43199801445007, 34.13534164428711, 80, 350, 0.3028438516083457, 0.1329065200912835, 0.8288391977548599, 0.13098248839378357, 0, 0, 1, 1, 0
1710754327036630700, SB-09D3, -64.73124027252197, 27.5781512260437, 80, 351, 0.3166148217097052, 1.4450903547945932, 0.9407449960708618, 0.07236766815185547, 0, 0, 1, 1, 0
1710754327206010500, SB-A753, 33.472633361816406, 28.342926502227783, 79, 34, 0, 0, 0, 0, 0, 0, 0, 0, 0
1710754327467631500, SB-09D3, -72.64185547828674, 26.93152129650116, 80, 353, 0, 0, 0, 0, 0, 0, 0, 0, 0
1710754327546698400, SB-A753, 43.26354265213013, 17.397242784500122, 79, 34, 0, 0, 0, 0, 0, 0, 0, 0, 0
1710754327779495500, SB-09D3, -72.92267680168152, 32.38091170787811, 80, 354, 0, 0, 0, 0, 0, 0, 0, 0, 0
1710754328046588900, SB-A753, 54.5581579208374, 21.47204726934433, 79, 34, 0, 0, 0, 0, 0, 0, 0, 0, 0
1710754328096959800, SB-09D3, -73.66144061088562, 40.07160663604736, 80, 355, 0, 0, 0, 0, 0, 0, 0, 0, 0
1710754328404494600, SB-A753, 59.604281187057495, 30.197250843048096, 79, 34, 0, 0, 0, 0, 0, 0, 0, 0, 0
1710754328433059300, SB-09D3, -74.02910590171814, 51.39009356498718, 80, 355, 0, 0, 0, 0, 0, 0, 0, 0, 0
1710754328753529900, SB-A753, 66.67413115501404, 41.005948185920715, 79, 34, 0, 0, 0, 0, 0, 0, 0, 0, 0
1710754328880850000, SB-09D3, -74.85237121582031, 69.34585571289062, 80, 185, 0, 0, 0, 0, 0, 0, 0, 0, 0
1710754329290505500, SB-09D3, -78.08165550231934, 76.23306512832642, 80, 185, 0, 0, 0, 0, 0, 0, 0, 0, 0
1710754329292071500, SB-A753, 78.00728678703308, 58.54060649871826, 79, 326, 0, 0, 0, 0, 0, 0, 0, 0, 0
1710754329600601800, SB-09D3, -81.04625940322876, 76.74146890640259, 80, 185, 0, 0, 0, 0, 0, 0, 0, 0, 0
1710754329758271300, SB-A753, 82.5230360031128, 78.88608574867249, 79, 213, 0, 0, 0, 0, 0, 0, 0, 0, 0
1710754329934583900, SB-09D3, -81.50410652160645, 73.24869632720947, 80, 185, 0, 0, 0, 0, 0, 0, 0, 0, 0
1710754330171986900, SB-A753, 75.73046684265137, 88.14206123352051, 79, 213, 0, 0, 0, 0, 0, 0, 0, 0, 0
1710754330285793800, SB-09D3, -81.62596821784973, 65.6584620475769, 80, 185, 0, 0, 0, 0, 0, 0, 0, 0, 0
1710754330568018400, SB-A753, 64.27570581436157, 85.22359728813171, 79, 213, 0, 0, 0, 0, 0, 0, 0, 0, 0
1710754330607114600, SB-09D3, -82.53015875816345, 52.56694555282593, 80, 185, 0, 0, 0, 0, 0, 0, 0, 0, 0
1710754331011841400, SB-A753, 60.72099804878235, 78.62300872802734, 79, 213, 0, 0, 0, 0, 0, 0, 0, 0, 0
1710754331154595200, SB-09D3, -84.6032202243805, 25.244027376174927, 80, 355, 0, 0, 0, 0, 0, 0, 0, 0, 0
1710754331377424900, SB-A753, 51.621466875076294, 63.829487562179565, 79, 213, 0, 0, 0, 0, 0, 0, 0, 0, 0
1710754331500306000, SB-09D3, -88.06522488594055, 17.62813627719879, 80, 355, 0, 0, 0, 0, 0, 0, 0, 0, 0
1710754331839637200, SB-09D3, -92.5568163394928, 15.45000672340393, 80, 355, 0, 0, 0, 0, 0, 0, 0, 0, 0
1710754331867744400, SB-A753, 40.316393971443176, 45.61031758785248, 79, 213, 0, 0, 0, 0, 0, 0, 0, 0, 0
1710754332204800200, SB-09D3, -95.48931121826172, 18.585143983364105, 80, 355, 0, 0, 0, 0, 0, 0, 0, 0, 0
1710754332363763300, SB-A753, 29.342517256736755, 28.831171989440918, 79, 327, 0, 0, 0, 0, 0, 0, 0, 0, 0
1710754332545673300, SB-09D3, -94.77032423019409, 25.123727321624756, 80, 355, 0, 0, 0, 0, 0, 0, 0, 0, 0
1710754332840086400, SB-A753, 19.053487479686737, 23.97700846195221, 79, 328, 0, 0, 0, 0, 0, 0, 0, 0, 0
1710754332859580000, SB-09D3, -95.46604752540588, 33.83441865444183, 80, 355, 0, 0, 0, 0, 0, 0, 0, 0, 0
1710754333202592500, SB-A753, 10.687670111656189, 28.123635053634644, 79, 328, 0, 0, 0, 0, 0, 0, 0, 0, 0
1710754333292143600, SB-09D3, -96.36982679367065, 51.900655031204224, 80, 5, 0, 0, 0, 0, 0, 0, 0, 0, 0
1710754333566549300, SB-A753, 6.676428020000458, 35.72262227535248, 79, 328, 0, 0, 0, 0, 0, 0, 0, 0, 0
1710754333753906400, SB-09D3, -94.19491291046143, 70.83997130393982, 80, 175, 0, 0, 0, 0, 0, 0, 0, 0, 0
1710754333935494400, SB-A753, 0.0902830739505589, 45.93842029571533, 79, 328, -0.34891162454610536, -0.12699776250981998, -0.9315725556807593, 0.27561724185943604, 0, 0, 1, 1, 0
1710754334073363300, SB-09D3, -90.70829749107361, 76.01891160011292, 80, 175, -0.34891162454610536, -0.12699776250981998, 0.8753549866378307, -0.24720847606658936, 0, 0, 1, 1, 0
1710754334289018200, SB-A753, -10.501664131879807, 62.43016719818115, 79, 328, -0.33501344813010897, -0.12565952033104225, -0.7751756384968758, 0.1435139775276184, 0, 0, 1, 1, 0
1710754334402221300, SB-09D3, -86.55743598937988, 77.16144323348999, 80, 174, -0.33501344813010897, -0.12565952033104225, 0.7605577185750008, -0.14731276035308838, 0, 0, 1, 1, 0
1710754334713306800, SB-09D3, -81.93364143371582, 71.9014048576355, 80, 173, -0.3211407440201138, -1.4639949172766342, 0.636162057518959, 0.0220947265625, 0, 0, 1, 1, 0
1710754334889347500, SB-A753, -22.33862280845642, 80.05698919296265, 79, 212, -0.30729773797617954, -1.4621724509568328, -0.5890690684318542, -0.12146568298339844, 0, 0, 1, 1, 0
1710754335061787300, SB-09D3, -81.14514946937561, 63.27997446060181, 80, 172, -0.31259693061851157, -1.4706529319183972, 0.5582853555679321, 0.20837777853012085, 0, 0, 1, 1, 0
1710754335242060500, SB-A753, -31.31856918334961, 88.58944773674011, 80, 212, -0.298787839354379, -1.4685891494012508, -0.4913294315338135, -0.3045263886451721, 0, 0, 1, 1, 0
1710754335373811100, SB-09D3, -79.38065528869629, 51.35942101478577, 80, 171, -0.298787839354379, -1.4685891494012508, 0.4806208610534668, 0.37230026721954346, 0, 0, 1, 1, 0
1710754335729306100, SB-A753, -43.16371977329254, 84.53494906425476, 80, 212, -0.28501686925301956, 0.10940772548462548, -0.3391014635562897, -0.46867576241493225, 0, 0, 1, 1, 0
1710754335937352500, SB-09D3, -75.04059672355652, 26.57836079597473, 80, 10, -0.2967926858784774, 0.11690974805342705, 0.30238229036331177, 0.5438799858093262, 0, 0, 1, 1, 0
1710754336100896300, SB-A753, -46.73771560192108, 76.96272134780884, 80, 213, -0.310563655979837, 0.11921421811977098, -0.28302881121635437, -0.5038436055183411, 0, 0, 1, 1, 0
1710754336244888900, SB-09D3, -73.38926196098328, 22.64377772808075, 80, 9, -0.32220675074441263, 0.12692061443207692, 0.23616594076156616, 0.49293485283851624, 0, 0, 1, 1, 0
1710754336472823800, SB-A753, -53.168559074401855, 66.38595461845398, 80, 214, -0.33601584200854495, 0.1289843969492229, -0.16072964668273926, -0.4741332679986954, 0, 0, 1, 1, 0
1710754336590183800, SB-09D3, -67.83509254455566, 19.381779432296753, 80, 8, -0.34752266831278456, 0.13689281956206287, 0.11348289251327515, 0.41266924142837524, 0, 0, 1, 1, 0
1710754336826473800, SB-A753, -63.97775411605835, 48.64252805709839, 80, 215, -0.36136567435671896, 0.13871528588186421, -0.033766984939575195, -0.25781503319740295, 0, 0, 1, 1, 0
1710754336937001200, SB-09D3, -66.99137091636658, 26.150089502334595, 80, 7, -0.37273272710986044, 0.14682332581309965, 0.030136168003082275, 0.22492438554763794, -0.015068084001541138, -0.11246219277381897, 1, 1, 1
1710754337175651400, SB-A753, -72.13121056556702, 36.51794195175171, 80, 216, -0.38660543121985563, 0.14840392079466072, 0.0597345232963562, -0.06499603390693665, -0.0298672616481781, 0.03249801695346832, 1, 1, 1
1710754337257798000, SB-09D3, -65.63426852226257, 34.05723571777344, 80, 6, -0.39782924790751595, 0.1567091082567844, -0.06496942043304443, 0.024607062339782715, 0.03248471021652222, -0.012303531169891357, 1, 1, 1
1710754337571034600, SB-09D3, -64.34289813041687, 45.79280614852905, 80, 5, 0.551176612719765, 0.15804735043556206, -0.16083723306655884, -0.2118748277425766, 0, 0, 1, 1, 0
1710754337967508800, SB-A753, -87.05928325653076, 12.874625623226166, 80, 37, 0.5503050552922887, -0.14808540345464472, 0.2443217635154724, 0.4618195444345474, 0, 0, 1, 1, 0
1710754338044629500, SB-09D3, -62.62710690498352, 59.05658006668091, 79, 175, 0.5503050552922887, -0.14808540345464472, -0.2443217635154724, -0.4618195444345474, 0, 0, 1, 1, 0
1710754338321050900, SB-A753, -83.75353217124939, 13.541664183139801, 80, 37, 0.5640295045030851, -0.1467638893031016, 0.2354806661605835, 0.5361198633909225, 0, 0, 1, 1, 0
1710754338385314600, SB-09D3, -57.68009424209595, 68.78149509429932, 79, 174, 0.5640295045030851, -0.1467638893031016, -0.2607343792915344, -0.5523983091115952, 0, 0, 1, 1, 0
1710754338739437500, SB-A753, -78.88919711112976, 21.661119163036346, 80, 37, 0.5777287998117052, -0.14520305175881013, 0.26255446672439575, 0.4770769625902176, 0, 0, 1, 1, 0
1710754338758063300, SB-09D3, -52.633750438690186, 69.3688154220581, 79, 173, 0.5777287998117052, -0.14520305175881013, -0.26255446672439575, -0.4770769625902176, 0, 0, 1, 1, 0
1710754339091677800, SB-09D3, -49.52461123466492, 63.13072443008423, 79, 172, 0.5913987682800902, -0.1434033662680063, -0.22566437721252441, -0.3195694386959076, 0, 0, 1, 1, 0
1710754339100783600, SB-A753, -72.09104895591736, 31.17378056049347, 80, 37, 0.6050352459034211, -0.14136538103232446, 0.22566437721252441, 0.3195694386959076, 0, 0, 1, 1, 0
1710754339473678400, SB-09D3, -48.80540072917938, 56.328606605529785, 79, 171, 0.6050352459034211, -0.14136538103232446, -0.15096864104270935, -0.1411604881286621, 0.07548432052135468, 0.07058024406433105, 1, 1, 1
1710754339608132000, SB-A753, -59.38557982444763, 48.24319779872894, 80, 37, 0.6186340788785136, -0.13908971684181004, 0.11581835150718689, 0.03432348370552063, -0.057909175753593445, -0.017161741852760315, 1, 1, 1
1710754339952010800, SB-09D3, -45.65979838371277, 39.223864674568176, 79, 10, 0.6186340788785136, 1.4169065329174786, -0.05049985647201538, 0.20725741982460022, 0.02524992823600769, -0.10362870991230011, 1, 1, 1
1710754339971001600, SB-A753, -50.70978403091431, 59.9496066570282, 80, 37, 0.6186340788785136, 1.4169065329174786, 0.05049985647201538, -0.20725741982460022, -0.02524992823600769, 0.10362870991230011, 1, 1, 1
1710754340292118500, SB-09D3, -42.96722710132599, 32.59804546833038, 80, 10, 0.6091467439675229, 1.4350597979097246, 0.012365013360977173, 0.39135393500328064, 0, 0, 1, 1, 0
1710754340639214800, SB-09D3, -39.43391740322113, 31.11121952533722, 80, 10, 0.6091467439675229, 0.14063260690980856, 0.06472918391227722, 0.5278724730014801, 0, 0, 1, 1, 0
1710754340658506700, SB-A753, -32.96099901199341, 83.89846682548523, 80, 144, 0.6091467439675229, 0.14063260690980856, -0.05220016837120056, -0.5146008133888245, 0, 0, 1, 1, 0
1710754340967290300, SB-09D3, -37.39562630653381, 40.08450210094452, 80, 10, 0.6203705606551828, 0.14893779437193203, 0.1071876585483551, 0.5098094046115875, 0, 0, 1, 1, 0
1710754341016276300, SB-A753, -22.124919295310974, 93.06564927101135, 80, 143, 0.6203705606551828, 0.14893779437193203, -0.1527070701122284, -0.5298114717006683, 0, 0, 1, 1, 0
1710754341286486700, SB-09D3, -35.04045009613037, 48.46196472644806, 80, 10, 0.631447722394071, 0.15743759952438885, 0.17053823173046112, 0.44554463028907776, 0, 0, 1, 1, 0
1710754341491537400, SB-A753, -9.410372376441956, 86.77935600280762, 80, 142, 0.6314477223940709, -1.4182548052951438, -0.2442079782485962, -0.32437336444854736, 0, 0, 1, 1, 0
1710754341761084600, SB-09D3, -32.5715571641922, 60.53813695907593, 80, 170, 0.6314477223940709, -1.4182548052951438, 0.2569013088941574, 0.2220141887664795, 0, 0, 1, 1, 0
1710754341841404300, SB-A753, -3.2664448022842407, 77.8293251991272, 80, 142, 0.6451763765617626, -1.4157103496435088, -0.2829373776912689, -0.1351158618927002, 0, 0, 1, 1, 0
1710754342088342100, SB-09D3, -27.13126242160797, 68.45462322235107, 80, 169, 0.6451763765617626, -1.4157103496435088, 0.2788094491697848, 0.03935819864273071, 0, 0, 1, 1, 0
1710754342188316200, SB-A753, 4.464771598577499, 66.86460375785828, 80, 142, 0.6588585329147341, -1.4129266834724221, -0.3159603402018547, 0.01590019464492798, 0, 0, 1, 1, 0
1710754342469223900, SB-09D3, -23.08412790298462, 68.6165452003479, 80, 168, 0.6588585329147341, -1.4129266834724221, 0.315989226102829, -0.07385659217834473, 0, 0, 1, 1, 0
1710754342576939600, SB-A753, 13.104988634586334, 55.10671138763428, 80, 142, 0.672490023735619, -1.4099046547135659, -0.3593117743730545, 0.09861665964126587, 0, 0, 1, 1, 0
1710754342787314100, SB-09D3, -22.896426916122437, 62.29856610298157, 80, 167, 0.672490023735619, -1.4099046547135659, 0.44849279522895813, -0.19125142693519592, 0, 0, 1, 1, 0
1710754342921573600, SB-A753, 26.393502950668335, 37.27515935897827, 80, 142, 0.6860666967402608, -1.4066451839061747, -0.4813622236251831, 0.2146742343902588, 0, 0, 1, 1, 0
1710754343147704200, SB-09D3, -20.290353894233704, 54.707980155944824, 80, 166, 0.6860666967402608, -1.4066451839061747, 0.5123943984508514, -0.2351495325565338, 0, 0, 1, 1, 0
1710754343550169800, SB-A753, 39.79977071285248, 18.950742483139038, 80, 38, 0.6995844163425432, 1.4031492639166323, -0.5583226829767227, 0.1866985559463501, 0, 0, 1, 1, 0
1710754343615033300, SB-09D3, -16.032497584819794, 37.62059807777405, 80, 15, 0.6885072546036552, 1.411649069069089, 0.5869906395673752, -0.2246890366077423, 0, 0, 1, 1, 0
1710754343895664900, SB-A753, 49.91624355316162, 9.880100190639496, 80, 37, 0.6885072546036552, 1.411649069069089, -0.6293743401765823, 0.21829970180988312, 0, 0, 1, 1, 0
1710754344005144400, SB-09D3, -13.021190464496613, 31.710070371627808, 80, 15, 0.6772834379159951, 1.4199542565312127, 0.6293743401765823, -0.21829970180988312, 0, 0, 1, 1, 0
1710754344343037200, SB-09D3, -6.720559298992157, 32.32784569263458, 80, 15, 0.6772834379159951, 1.4199542565312127, 0.6540331095457077, -0.20052147656679153, 0, 0, 1, 1, 0
1710754344361684100, SB-A753, 61.85829043388367, 16.38479381799698, 80, 36, 0.6772834379159951, 1.4199542565312127, -0.6857884973287582, 0.15943051874637604, 0, 0, 1, 1, 0
1710754344671055400, SB-09D3, -5.372551083564758, 38.964834809303284, 80, 15, 0.6659163851628535, 1.4280622964624479, 0.7286528646945953, -0.13492116332054138, 0, 0, 1, 1, 0
1710754344720157900, SB-A753, 67.49273538589478, 25.472718477249146, 80, 35, 0.6659163851628535, 1.4280622964624479, -0.7286528646945953, 0.13492116332054138, 0, 0, 1, 1, 0
1710754344990440600, SB-09D3, -2.539820596575737, 45.69041728973389, 80, 15, 0.6544095588586142, 1.435970719075288, 0.738728117197752, -0.14507770538330078, 0, 0, 1, 1, 0
1710754345069896900, SB-A753, 74.95588660240173, 37.06297278404236, 80, 34, 0.6544095588586142, 1.435970719075288, -0.7749570719897747, 0.08627444505691528, 0, 0, 1, 1, 0
1710754345319346800, SB-09D3, 1.7889900133013725, 54.07513380050659, 80, 15, 0.6427664640940383, 1.443677115387594, 0.808922903612256, -0.047557979822158813, 0, 0, 1, 1, 0
1710754345648638400, SB-A753, 89.72156643867493, 61.863869428634644, 80, 327, -0.22865599193000477, -0.10180420667491519, -0.8727284669876099, -0.06500905752182007, 0, 0, 1, 1, 0
1710754345770060800, SB-09D3, 2.9850073158740997, 56.166064739227295, 80, 165, -0.22865599193000477, -0.10180420667491519, 0.8673655912280083, 0.056978046894073486, 0, 0, 1, 1, 0
1710754346191975600, SB-09D3, 2.3038946092128754, 55.415087938308716, 80, 164, -0.2152013433584223, -1.4399458111069945, 0.8531752601265907, 0.2557249069213867, 0, 0, 1, 1, 0
1710754346271773700, SB-A753, 87.62142062187195, 80.98757863044739, 80, 213, -0.20181386423383238, -1.4359802591267679, -0.8311588130891323, -0.24891573190689087, 0, 0, 1, 1, 0
1710754346518219100, SB-09D3, 1.5957074239850044, 55.54073452949524, 80, 163, -0.20181386423383238, -1.4359802591267679, 0.8011275958269835, 0.3193765878677368, 0, 0, 1, 1, 0
1710754346609972000, SB-A753, 77.79560089111328, 89.31394815444946, 80, 213, -0.18849763251206367, -1.431781667392462, -0.7574950456619263, -0.34019935131073, 0, 0, 1, 1, 0
1710754346867049000, SB-09D3, 2.845671586692333, 55.053478479385376, 80, 162, -0.18849763251206367, -1.431781667392462, 0.7019832450896502, 0.34499257802963257, 0, 0, 1, 1, 0
1710754346985489200, SB-A753, 68.73778700828552, 87.84626722335815, 80, 213, -0.1752567044462964, -1.4273513148357926, -0.6541389189660549, -0.3289090394973755, 0, 0, 1, 1, 0
1710754347233941200, SB-09D3, 3.5155046731233597, 54.90579605102539, 80, 161, -0.1752567044462964, -1.4273513148357926, 0.6234057657420635, 0.2958669662475586, 0, 0, 1, 1, 0
1710754347397487100, SB-A753, 63.9157235622406, 80.38130402565002, 80, 213, -0.16209511335148655, -1.4226905509850662, -0.6038514673709869, -0.2547289729118347, 0, 0, 1, 1, 0
1710754347576058700, SB-09D3, 3.5387661308050156, 54.91002798080444, 80, 160, -0.16209511335148655, -1.4226905509850662, 0.5440450645983219, 0.1578490138053894, 0, 0, 1, 1, 0
1710754347775439300, SB-A753, 54.66618537902832, 65.22666811943054, 80, 213, -0.16209511335148655, -1.4226905509850662, -0.5108676329255104, -0.1034885048866272, 0, 0, 1, 1, 0
1710754347879319300, SB-09D3, 3.595147654414177, 54.87127900123596, 80, 160, -0.16209511335148655, -1.4226905509850662, 0.5107103772461414, 0.1035538911819458, 0, 0, 1, 1, 0
1710754348213153700, SB-09D3, 3.600190579891205, 54.87343072891235, 80, 160, -0.16209511335148655, -1.4226905509850662, 0.39979003369808197, -0.07422205805778503, 0, 0, 1, 1, 0
1710754348231646000, SB-A753, 43.5791939496994, 47.45122492313385, 80, 213, -0.16209511335148655, -1.4226905509850662, -0.39979003369808197, 0.07422205805778503, 0, 0, 1, 1, 0
1710754348528911400, SB-09D3, 3.684140369296074, 54.785627126693726, 80, 160, -0.1620951133514865, -0.08081764227238736, 0.3623359687626362, -0.1334766447544098, 0, 0, 1, 1, 0
1710754348698281700, SB-A753, 32.79360234737396, 30.47167658805847, 80, 327, -0.1490168683757814, -0.07592788684142207, -0.29013027623295784, 0.2413465976715088, 0, 0, 1, 1, 0
1710754348856611700, SB-09D3, 3.99448424577713, 54.26798462867737, 80, 159, -0.1490168683757814, -0.07592788684142207, 0.26622597873210907, -0.2647080719470978, 0, 0, 1, 1, 0
1710754349220018500, SB-A753, 23.64112138748169, 25.960123538970947, 80, 327, -0.1490168683757814, -0.07592788684142207, -0.17991254478693008, 0.2541801929473877, 0, 0, 1, 1, 0
1710754349223538500, SB-09D3, 5.649866908788681, 51.37814283370972, 80, 159, -0.1490168683757814, -0.07592788684142207, 0.17991254478693008, -0.2541801929473877, 0, 0, 1, 1, 0
1710754349613976600, SB-A753, 14.547774195671082, 30.28106689453125, 80, 327, -0.14901686837578138, 1.4178007955541005, -0.07129277288913727, 0.12673667073249817, 0.035646386444568634, -0.06336833536624908, 1, 1, 1
1710754349691267100, SB-09D3, 9.014859050512314, 39.55296576023102, 80, 21, -0.1372410517503238, 1.425302818122902, 0.04131375998258591, -0.06191965937614441, -0.020656879991292953, 0.030959829688072205, 1, 1, 1
1710754349991050200, SB-A753, 8.421590924263, 41.12882316112518, 80, 328, -0.15031929672602906, 1.4301925735538674, 0.03911107778549194, -0.0471365749835968, -0.01955553889274597, 0.0235682874917984, 1, 1, 1
1710754350084044500, SB-09D3, 12.332698702812195, 36.4151656627655, 80, 20, -0.13841434526750868, 1.4374879371904166, -0.03911107778549194, 0.0471365749835968, 0.01955553889274597, -0.0235682874917984, 1, 1, 1
1710754350336609800, SB-A753, 2.0351121202111244, 51.78142189979553, 80, 329, -0.15157593636231828, 1.4421487010411431, 0.16121152602136135, -0.13306260108947754, -0.08060576301068068, 0.06653130054473877, 1, 1, 1
1710754350440016500, SB-09D3, 20.790159702301025, 41.54723286628723, 80, 19, -0.139545476434275, 1.4492351835070043, -0.22299734968692064, 0.1625855565071106, 0, 0, 1, 1, 0
1710754350781737300, SB-09D3, 21.746474504470825, 46.50587439537048, 80, 18, -0.15278640450004216, 0.06802489000857193, -0.27073974534869194, 0.17341822385787964, 0, 0, 1, 1, 0
1710754350982296700, SB-A753, -12.741993367671967, 75.50461292266846, 80, 210, -0.16610263622181065, 0.07222348174287746, 0.3620148152112961, -0.2666994631290436, 0, 0, 1, 1, 0
1710754351125544500, SB-09D3, 23.782344162464142, 48.72042536735535, 80, 17, -0.16610263622181065, 0.07222348174287746, -0.3855799436569214, 0.29189378023147583, 0, 0, 1, 1, 0
1710754351334723500, SB-A753, -17.88429766893387, 80.39436936378479, 80, 210, -0.17949011534640075, 0.07618903372310427, 0.4209411144256592, -0.3040297031402588, 0, 0, 1, 1, 0
1710754351455665900, SB-09D3, 24.432849884033203, 50.40927529335022, 80, 16, -0.17949011534640075, 0.07618903372310427, -0.45781148970127106, 0.3044293522834778, 0, 0, 1, 1, 0
1710754351730142600, SB-A753, -29.275134205818176, 78.23799252510071, 80, 210, -0.1929447639179835, 0.0799203380037038, 0.5383776426315308, -0.2759128212928772, 0, 0, 1, 1, 0
1710754351761819600, SB-09D3, 24.5626300573349, 50.64671039581299, 80, 15, -0.1929447639179835, 0.0799203380037038, -0.5383776426315308, 0.2759128212928772, 0, 0, 1, 1, 0
1710754352136407000, SB-09D3, 24.629727005958557, 50.76638460159302, 80, 14, -0.20146248352026588, 0.09207651203109066, -0.5713308155536652, 0.19995838403701782, 0, 0, 1, 1, 0
1710754352208864300, SB-A753, -32.50335454940796, 70.7622230052948, 79, 210, -0.21503915652490807, 0.09533598283848164, 0.5715768933296204, -0.1995176076889038, 0, 0, 1, 1, 0
1710754352485017800, SB-09D3, 24.67515617609024, 50.847870111465454, 80, 13, -0.21003915652490807, 0.10399623687632598, -0.6256079524755478, 0.10665559768676758, 0, 0, 1, 1, 0
1710754352554768600, SB-A753, -40.82542359828949, 56.02274537086487, 78, 210, -0.2236706473457926, 0.1070182656351824, 0.6551782190799713, -0.0514182448387146, 0, 0, 1, 1, 0
1710754352925808400, SB-09D3, 24.721962213516235, 50.93713998794556, 80, 12, -0.21867064734579258, 0.11567851967302688, -0.722592294216156, -0.07107043266296387, 0, 0, 1, 1, 0
1710754353033473300, SB-A753, -51.12685561180115, 37.57195770740509, 77, 210, -0.23426089365252967, 0.1086459140096369, 0.758618101477623, 0.13389655947685242, 0, 0, 1, 1, 0
1710754353363651400, SB-09D3, 24.702997505664825, 50.93090534210205, 79, 169, -0.22926089365252986, -0.11730616804748138, -0.8251929432153702, -0.25414109230041504, 0, 0, 1, 1, 0
1710754353510157400, SB-A753, -60.36175489425659, 21.10656350851059, 76, 330, -0.22926089365252986, -0.11730616804748138, 0.8458081781864166, 0.2888374477624893, 0, 0, 1, 1, 0
1710754353679172000, SB-09D3, 23.0761781334877, 48.31197261810303, 79, 169, -0.21286810883728216, -0.11952069456910763, -0.8815745264291763, -0.30425961315631866, 0, 0, 1, 1, 0
1710754353990367900, SB-A753, -68.07722449302673, 18.496927618980408, 75, 331, -0.21286810883728227, 1.4314502552782018, 0.8775731325149536, 0.2781095802783966, 0, 0, 1, 1, 0
1710754354133223100, SB-09D3, 19.44841742515564, 46.32413387298584, 79, 11, -0.19429367345458526, 1.4526504333068142, -0.8752564191818237, -0.2782720625400543, 0, 0, 1, 1, 0
1710754354339446600, SB-A753, -72.87965416908264, 24.108396470546722, 76, 333, -0.20785071944518074, 1.4551630832628037, 0.9114483594894409, 0.22299398481845856, 0, 0, 1, 1, 0
1710754354449099300, SB-09D3, 17.63099879026413, 46.455419063568115, 79, 10, -0.1882340011834635, 1.475855120897865, -0.9051065295934677, -0.22347022593021393, 0, 0, 1, 1, 0
1710754354681789600, SB-A753, -76.64008140563965, 32.928285002708435, 77, 335, -0.20026848950815374, 1.488007668494331, 0.9718017727136612, 0.1533304750919342, 0, 0, 1, 1, 0
1710754354877705800, SB-09D3, 22.39694744348526, 51.023679971694946, 80, 9, 0, 0, 0, 0, 0, 0, 0, 0, 0
1710754355255070900, SB-A753, -87.88313865661621, 58.711934089660645, 78, 23, 0, 0, 0, 0, 0, 0, 0, 0, 0
1710754355330047800, SB-09D3, 22.82949835062027, 51.9511878490448, 80, 172, 0, 0, 0, 0, 0, 0, 0, 0, 0
1710754355640133700, SB-09D3, 21.4444100856781, 49.35342073440552, 80, 172, 0, 0, 0, 0, 0, 0, 0, 0, 0
1710754355766735000, SB-A753, -85.82038283348083, 76.97195410728455, 78, 158, 0, 0, 0, 0, 0, 0, 0, 0, 0
1710754356111071700, SB-09D3, 18.001283705234528, 47.40312993526459, 80, 8, 0, 0, 0, 0, 0, 0, 0, 0, 0
1710754356241879900, SB-A753, -78.93322110176086, 82.31397271156311, 78, 158, 0, 0, 0, 0, 0, 0, 0, 0, 0
1710754356434890000, SB-09D3, 16.187572479248047, 47.784262895584106, 80, 8, 0.4035316236324639, 0.06901104843116215, -0.9145871996879578, 0.3347352147102356, 0, 0, 1, 1, 0
1710754356587053400, SB-A753, -72.77042865753174, 78.25759649276733, 78, 158, 0.3896886175885295, 0.0708335147509635, 0.8986494988203049, -0.2996019124984741, 0, 0, 1, 1, 0
1710754356958773800, SB-09D3, 21.03058099746704, 52.862054109573364, 80, 173, 0.40226575494575156, -1.5120307070059613, -0.9195894002914429, 0.18429279327392578, 0, 0, 1, 1, 0
1710754357051315800, SB-A753, -70.92835903167725, 71.29133343696594, 78, 157, 0.40226575494575156, -1.5120307070059613, 0.9195894002914429, -0.18429279327392578, 0, 0, 1, 1, 0
1710754357355630900, SB-09D3, 18.251553177833557, 49.429431557655334, 80, 173, 0.4228847891847584, -1.5248732874271382, -0.8269214332103729, 0.060127586126327515, 0, 0, 1, 1, 0
1710754357399088700, SB-A753, -64.44059014320374, 55.442190170288086, 80, 156, 0.4228847891847584, -1.5248732874271382, 0.8269214332103729, -0.060127586126327515, 0, 0, 1, 1, 0
1710754357833896000, SB-09D3, 16.145315766334534, 48.84651303291321, 80, 7, 0.43559008411667755, 1.5190831509423777, -0.7243241965770721, -0.12597858905792236, 0, 0, 1, 1, 0
1710754357976550000, SB-A753, -56.28710389137268, 36.24865412712097, 80, 25, 0.42171738000668235, 1.5206637459239385, 0.7147930413484573, 0.1267726719379425, 0, 0, 1, 1, 0
1710754358158306300, SB-09D3, 15.391868352890015, 49.13378655910492, 80, 6, 0.42171738000668235, 1.5206637459239385, -0.6670946478843689, -0.21805086731910706, 0, 0, 1, 1, 0
1710754358324816200, SB-A753, -48.065513372421265, 25.065693259239197, 80, 25, 0.4078192035906861, 1.5220019881027163, 0.6630134880542755, 0.2652200758457184, 0, 0, 1, 1, 0
1710754358699441200, SB-09D3, 20.063647627830505, 55.04767298698425, 80, 175, 0.40781920359068613, -0.0719095288440765, -0.6112291514873505, -0.29887819290161133, 0, 0, 1, 1, 0
1710754358793821200, SB-A753, -41.05926752090454, 25.15985369682312, 80, 25, 0.40781920359068613, -0.0719095288440765, 0.6090598553419113, 0.29320305585861206, 0, 0, 1, 1, 0
1710754359033305400, SB-09D3, 18.82186383008957, 52.51510143280029, 80, 175, 0.40781920359068613, -0.0719095288440765, -0.5404595583677292, -0.21079140901565552, 0, 0, 1, 1, 0
1710754359137754200, SB-A753, -33.77366364002228, 35.660019516944885, 80, 25, 0.40781920359068613, -0.0719095288440765, 0.5100276619195938, 0.15168336033821106, 0, 0, 1, 1, 0
1710754359350838600, SB-09D3, 15.136736631393433, 49.90956485271454, 80, 175, 0.40781920359068613, -0.0719095288440765, -0.4706914722919464, -0.09711867570877075, 0, 0, 1, 1, 0
1710754359483740100, SB-A753, -29.284214973449707, 45.7461953163147, 80, 25, 0.40781920359068613, -0.0719095288440765, 0.4445849359035492, 0.0413743257522583, 0, 0, 1, 1, 0
1710754359678019200, SB-09D3, 16.112837195396423, 49.402523040771484, 80, 175, 0.40781920359068613, -0.0719095288440765, -0.42856332659721375, 0.02205824851989746, 0, 0, 1, 1, 0
1710754360056101600, SB-A753, -21.612855792045593, 63.929444551467896, 80, 155, 0.4078192035906861, 0.0719095288440765, 0.40439604222774506, -0.18985840678215027, 0, 0, 1, 1, 0
1710754360103226900, SB-09D3, 18.29744130373001, 42.630431056022644, 80, 5, 0.42042151162938834, 0.0779205214340628, -0.3797605484724045, 0.2538711130619049, 0, 0, 1, 1, 0
1710754360454960300, SB-A753, -13.578753173351288, 75.15674829483032, 80, 154, 0.42042151162938834, 0.0779205214340628, 0.33738724887371063, -0.3370599150657654, 0, 0, 1, 1, 0
1710754360555513700, SB-09D3, 21.381929516792297, 42.57543981075287, 80, 5, 0.43291699398976397, 0.0841505391227021, -0.34960682690143585, 0.32581308484077454, 0, 0, 1, 1, 0
1710754360871684800, SB-A753, -4.864261299371719, 70.94416618347168, 80, 153, 0.43291699398976397, 0.0841505391227021, 0.2808414176106453, -0.2550399899482727, 0, 0, 1, 1, 0
1710754360889109600, SB-09D3, 23.37832897901535, 48.89448285102844, 80, 5, 0.44530184442683907, 0.09059768418625481, -0.2824259027838707, 0.22049683332443237, 0, 0, 1, 1, 0
1710754361225850200, SB-A753, -2.156459540128708, 63.60151171684265, 80, 152, 0.4453018444268391, -1.503313832760538, 0.23679239302873611, -0.1148189902305603, 0, 0, 1, 1, 0
1710754361321568800, SB-09D3, 21.522779762744904, 52.11961269378662, 80, 175, 0.4453018444268391, -1.503313832760538, -0.23679239302873611, 0.1148189902305603, 0, 0, 1, 1, 0
1710754361674856600, SB-09D3, 20.89369148015976, 52.11275815963745, 80, 174, 0.4592000208428355, -1.5019755905817602, -0.14994708076119423, -0.05404028296470642, 0.07497354038059711, 0.02702014148235321, 1, 1, 1
1710754361705529200, SB-A753, 5.898983404040337, 46.70872986316681, 80, 152, 0.4730727249528306, -1.5003949956001992, 0.14994708076119423, 0.05404028296470642, -0.07497354038059711, -0.02702014148235321, 1, 1, 1
1710754361991644000, SB-09D3, 20.833858847618103, 52.214449644088745, 80, 173, 0.47307272495283076, -0.08767884702591601, -0.08494634181261063, -0.18479225039482117, 0.04247317090630531, 0.09239612519741058, 1, 1, 1
1710754362176892900, SB-A753, 15.106341242790222, 28.621459007263184, 80, 28, 0.4869157309967649, -0.08585638070611466, 0.0554099977016449, 0.2379528284072876, -0.02770499885082245, -0.1189764142036438, 1, 1, 1
1710754362330444700, SB-09D3, 23.82916659116745, 52.98856496810913, 80, 172, 0.4869157309967649, -0.08585638070611466, -0.06094370782375336, -0.2814813703298569, 0, 0, 1, 1, 0
1710754362689408900, SB-09D3, 27.806630730628967, 49.564963579177856, 80, 171, 0.5007248222608974, -0.08379259818896856, -0.03520368039608002, -0.28325752913951874, 0, 0, 1, 1, 0
1710754362694960300, SB-A753, 24.286262691020966, 21.239210665225983, 80, 28, 0.5144957923622568, -0.08148812812262478, 0.03520368039608002, 0.28325752913951874, 0, 0, 1, 1, 0
1710754363089038700, SB-A753, 32.12530016899109, 25.029662251472473, 80, 28, 0.514495792362257, 1.4942042766969081, -0.044266968965530396, 0.18349477648735046, 0.022133484482765198, -0.09174738824367523, 1, 1, 1
1710754363123966800, SB-09D3, 27.69860327243805, 43.37913990020752, 80, 10, 0.5021109419251817, 1.5006514217604607, 0.0656963586807251, -0.1450958251953125, -0.03284817934036255, 0.07254791259765625, 1, 1, 1
1710754363451567600, SB-A753, 37.67686486244202, 37.77303695678711, 80, 27, 0.5021109419251817, 1.5006514217604607, -0.08740323781967163, 0.032932668924331665, 0.043701618909835815, -0.016466334462165833, 1, 1, 1
1710754363559327800, SB-09D3, 28.936541080474854, 41.066303849220276, 80, 10, 0.48961545956480623, 1.5068814394491, 0.08740323781967163, -0.032932668924331665, -0.043701618909835815, 0.016466334462165833, 1, 1, 1
1710754363896783800, SB-09D3, 31.198716163635254, 45.242610573768616, 80, 10, 0.48961545956480623, 1.5068814394491, 0.14078208804130554, 0.10631784796714783, -0.07039104402065277, -0.053158923983573914, 1, 1, 1
1710754363924691900, SB-A753, 45.27692496776581, 55.8743953704834, 80, 26, 0.48961545956480623, 1.5068814394491, -0.14078208804130554, -0.10631784796714783, 0.07039104402065277, 0.053158923983573914, 1, 1, 1
1710754364220714100, SB-09D3, 33.43064785003662, 52.97609567642212, 80, 10, 0.47701315152610385, 0.06279997278044647, 0.1449396312236786, 0.09070312976837158, -0.0724698156118393, -0.04535156488418579, 1, 1, 1
1710754364415386800, SB-A753, 51.022905111312866, 68.71902346611023, 80, 155, 0.47701315152610385, 0.06279997278044647, -0.1688712239265442, -0.15475249290466309, 0.0844356119632721, 0.07737624645233154, 1, 1, 1
1710754364681195900, SB-09D3, 34.66218113899231, 53.71665954589844, 80, 170, 0.48961545956480607, -1.5068814394491, 0.21025580167770386, 0.23857414722442627, 0, 0, 1, 1, 0
1710754364925399100, SB-A753, 62.65917420387268, 81.25218749046326, 80, 154, 0.5033441137324978, -1.504336983797465, -0.28264251351356506, -0.2746790051460266, 0, 0, 1, 1, 0
1710754365025404300, SB-09D3, 34.394922852516174, 53.784286975860596, 80, 169, 0.5033441137324978, -1.504336983797465, 0.3179100453853607, 0.26836127042770386, 0, 0, 1, 1, 0
1710754365273478600, SB-A753, 70.68740129470825, 77.35401391983032, 80, 154, 0.5170262700854693, -1.5015533176263782, -0.37364891171455383, -0.23674219846725464, 0, 0, 1, 1, 0
1710754365462477200, SB-09D3, 32.29037821292877, 53.59034538269043, 80, 168, 0.5170262700854693, -1.5015533176263782, 0.40210118889808655, 0.202100932598114, 0, 0, 1, 1, 0
1710754365694617100, SB-A753, 75.88260769844055, 65.34280180931091, 80, 154, 0.5306577609063541, -1.498531288867522, -0.43396860361099243, -0.13911974430084229, 0, 0, 1, 1, 0
1710754365793474700, SB-09D3, 32.48574733734131, 51.430827379226685, 80, 167, 0.5306577609063541, -1.498531288867522, 0.43396860361099243, 0.13911974430084229, 0, 0, 1, 1, 0
1710754366138539000, SB-09D3, 34.027254581451416, 48.818597197532654, 80, 166, -0.1571594009515278, -1.4952718180601305, 0.47359317541122437, 0.04881373047828674, 0, 0, 1, 1, 0
1710754366174978500, SB-A753, 84.00819301605225, 47.08179831504822, 80, 206, -0.1571594009515278, -1.4952718180601305, -0.4998093843460083, 0.01736798882484436, 0, 0, 1, 1, 0
1710754366593376500, SB-09D3, 36.32041811943054, 37.649792432785034, 80, 14, -0.15715940095152803, 1.4952718180601305, 0.47132450342178345, -0.03944852948188782, 0, 0, 1, 1, 0
1710754366666527300, SB-A753, 81.06108903884888, 28.73055338859558, 80, 334, -0.17073607395617021, 1.4985312888675217, -0.4368489980697632, 0.06547871232032776, 0, 0, 1, 1, 0
1710754366926857500, SB-09D3, 39.645642042160034, 32.922372221946716, 80, 13, -0.15813376591746736, 1.5045422814575082, 0.39509618282318115, -0.06613999605178833, 0, 0, 1, 1, 0
1710754367012817000, SB-A753, 76.3959288597107, 24.52782839536667, 80, 335, -0.17176525673835186, 1.5075643102163645, -0.3577459454536438, 0.08349509537220001, 0, 0, 1, 1, 0
1710754367358741700, SB-09D3, 46.022167801856995, 35.95812916755676, 80, 12, -0.15905996180643264, 1.5133544467011255, 0.22948846220970154, -0.11358758807182312, 0, 0, 1, 1, 0
1710754367460441200, SB-A753, 64.90829586982727, 26.739156246185303, 80, 336, -0.17274211815940427, 1.5161381128722122, -0.18886128067970276, 0.0921897292137146, 0.09443064033985138, -0.0460948646068573, 1, 1, 1
1710754367723451800, SB-09D3, 47.01646864414215, 42.88908839225769, 80, 11, -0.15993770649018324, 1.5217056295200835, 0.15835389494895935, -0.12605717778205872, -0.07917694747447968, 0.06302858889102936, 1, 1, 1
1710754367807667500, SB-A753, 62.200868129730225, 33.69069993495941, 80, 337, -0.17366636065787483, 1.524250085171719, -0.15102052688598633, 0.11765038967132568, 0.07551026344299316, -0.05882519483566284, 1, 1, 1
1710754368161816900, SB-A753, 58.699870109558105, 43.10590624809265, 80, 338, -0.16076673259918564, 1.5295932860631962, -0.08775806427001953, 0.08234751224517822, 0.043879032135009766, -0.04117375612258911, 1, 1, 1
1710754368165338500, SB-09D3, 49.92406368255615, 51.340657472610474, 80, 10, -0.14777581750269636, 1.5347105436075277, 0.08775806427001953, -0.08234751224517822, -0.043879032135009766, 0.04117375612258911, 1, 1, 1
1710754368600566700, SB-09D3, 49.756091833114624, 52.02467441558838, 80, 171, -0.1615467876040556, -1.5370150136738716, 0.017920076847076416, 0.10896867513656616, -0.008960038423538208, -0.05448433756828308, 1, 1, 1
1710754368696140800, SB-A753, 51.548099517822266, 62.921541929244995, 80, 201, -0.1615467876040556, -1.5370150136738716, -0.017920076847076416, -0.10896867513656616, 0.008960038423538208, 0.05448433756828308, 1, 1, 1
1710754368912633800, SB-09D3, 47.66936004161835, 47.10937738418579, 80, 171, -0.1615467876040556, -1.5370150136738716, 0.0009444057941436768, 0.2357131838798523, -0.0004722028970718384, -0.11785659193992615, 1, 1, 1
1710754369044433800, SB-A753, 44.42445635795593, 73.32968711853027, 80, 201, -0.1615467876040556, -1.5370150136738716, 0.032449036836624146, -0.2622030973434448, 0, 0, 1, 1, 0
1710754369367452000, SB-09D3, 46.790313720703125, 46.56904637813568, 80, 9, -0.16154678760405566, 0.04328633127834891, -0.04679572582244873, 0.272956520318985, 0, 0, 1, 1, 0
1710754369442952900, SB-A753, 39.63769972324371, 73.0184018611908, 80, 201, -0.17535587886818804, 0.045350113795494876, 0.07036173343658447, -0.26439744234085083, 0, 0, 1, 1, 0
1710754369684500000, SB-09D3, 45.46792209148407, 46.480998396873474, 80, 8, -0.18834679396467727, 0.05046737133982632, -0.07980120182037354, 0.1940183937549591, 0.03990060091018677, -0.09700919687747955, 1, 1, 1
1710754369823673300, SB-A753, 37.487801909446716, 65.88283777236938, 80, 202, -0.20218980000861161, 0.052289837659627664, 0.10322737693786621, -0.18026354908943176, -0.051613688468933105, 0.09013177454471588, 1, 1, 1
1710754370130898400, SB-09D3, 50.041478872299194, 51.69253349304199, 80, 7, -0.21508942806730086, 0.05763303855110536, -0.16090232133865356, 0.05229896306991577, 0.08045116066932678, -0.026149481534957886, 1, 1, 1
1710754370338631100, SB-A753, 29.06392812728882, 45.16468048095703, 80, 203, -0.22896213217729589, -1.5320213990565708, 0.2120395302772522, 0.070980966091156, -0.1060197651386261, -0.035490483045578, 1, 1, 1
1710754370581521200, SB-09D3, 50.09463429450989, 51.854491233825684, 80, 174, -0.2289621321772961, -0.05921363353266642, -0.23910969495773315, -0.13305070996284485, 0, 0, 1, 1, 0
1710754370820567500, SB-A753, 20.805488526821136, 27.082297205924988, 80, 337, -0.2289621321772961, -0.05921363353266642, 0.2785872370004654, 0.21626347303390503, 0, 0, 1, 1, 0
1710754371170201900, SB-09D3, 46.05849087238312, 46.756142377853394, 80, 6, -0.2160625041186071, 1.5373645999480485, -0.3098410964012146, -0.24636420607566833, 0, 0, 1, 1, 0
1710754371317574500, SB-A753, 12.239518016576767, 21.9494566321373, 80, 338, -0.22996068053460333, 1.5387028421268263, 0.33146414905786514, 0.24733693897724152, 0, 0, 1, 1, 0
1710754371470943500, SB-09D3, 45.38593292236328, 46.68315052986145, 80, 5, -0.2169697654381141, 1.5438200996711577, -0.33146414905786514, -0.24733693897724152, 0, 0, 1, 1, 0
1710754371686986500, SB-A753, 6.453929096460342, 25.442534685134888, 80, 339, -0.23088918064094038, 1.5449155814056206, 0.4297580346465111, 0.2553085684776306, 0, 0, 1, 1, 0
1710754372069780800, SB-09D3, 49.42760765552521, 51.79855823516846, 80, 176, -0.21781093566523446, -0.04629714357913258, -0.449456088244915, -0.2012103796005249, 0, 0, 1, 1, 0
1710754372094750500, SB-A753, 2.730470336973667, 36.914414167404175, 80, 340, -0.21781093566523446, -0.04629714357913258, 0.4669713731855154, 0.14884144067764282, 0, 0, 1, 1, 0
1710754372401897500, SB-09D3, 48.28401207923889, 49.01016652584076, 80, 176, -0.20464934457042497, -0.0416363797284059, -0.49982399493455887, -0.008285760879516602, 0, 0, 1, 1, 0
1710754372564850900, SB-A753, -1.6983874142169952, 48.1815904378891, 80, 341, -0.20464934457042497, -0.0416363797284059, 0.48435989767313004, -0.008794844150543213, 0, 0, 1, 1, 0
1710754372943370800, SB-09D3, 45.60410678386688, 41.3387805223465, 80, 4, -0.1883182465609081, 0.046716592334688015, -0.5493496805429459, 0.27443745732307434, 0, 0, 1, 1, 0
1710754373078340200, SB-A753, -11.309303343296051, 74.0343451499939, 79, 198, -0.2022546605618533, 0.04756897993048767, 0.5691341012716293, -0.326955646276474, 0, 0, 1, 1, 0
1710754373253041100, SB-09D3, 46.25316262245178, 44.087982177734375, 80, 3, -0.2022546605618533, 0.04756897993048767, -0.5919158607721329, 0.3308129906654358, 0, 0, 1, 1, 0
1710754373468326400, SB-A753, -15.641029179096222, 80.32219409942627, 79, 198, -0.21620382819420758, 0.04817801374210518, 0.6095071285963058, -0.31557366251945496, 0, 0, 1, 1, 0
1710754373563346900, SB-09D3, 45.30968368053436, 48.764827847480774, 80, 2, -0.21620382819420758, 0.04817801374210518, -0.6382231414318085, 0.3251321613788605, 0, 0, 1, 1, 0
1710754373852578900, SB-A753, -23.783357441425323, 79.28752899169922, 79, 198, -0.2301615004063816, -1.5512128039982844, 0.695141538977623, -0.2661799192428589, 0, 0, 1, 1, 0
1710754374013174800, SB-09D3, 45.75168192386627, 53.61577868461609, 80, 179, -0.23325167035013106, -1.5607233691612359, -0.7087941467761993, 0.21853840351104736, 0, 0, 1, 1, 0
1710754374320806500, SB-A753, -25.381508469581604, 72.48806953430176, 80, 198, -0.23325167035013106, -1.5607233691612359, 0.7074520885944366, -0.2154233455657959, 0, 0, 1, 1, 0
1710754374346101700, SB-09D3, 45.36370038986206, 50.94573497772217, 80, 179, -0.23325167035013106, -1.5607233691612359, -0.7074520885944366, 0.2154233455657959, 0, 0, 1, 1, 0
1710754374688029200, SB-A753, -30.3475022315979, 57.632237672805786, 80, 198, -0.23325167035013103, 0.039032943088990066, 0.7478078007698059, -0.08126088976860046, 0, 0, 1, 1, 0
1710754374918921900, SB-09D3, 45.02272307872772, 49.48094189167023, 80, 1, -0.23016150040638156, 0.048543508251941606, -0.7718116641044617, 0.021054476499557495, 0, 0, 1, 1, 0
1710754375038161500, SB-A753, -34.18576419353485, 44.81906592845917, 79, 198, -0.24412342555620836, 0.048665352126828626, 0.7876097559928894, 0.047165900468826294, 0, 0, 1, 1, 0
1710754375229758900, SB-09D3, 43.41684281826019, 49.50263202190399, 80, 0, -0.2410332556124589, 0.05817591728978016, -0.796585738658905, -0.11200076341629028, 0, 0, 1, 1, 0
1710754375576862700, SB-A753, -41.33487641811371, 23.12757819890976, 78, 342, -0.24103325561245906, -0.0481759172897803, 0.8695515096187592, 0.28595729172229767, 0, 0, 1, 1, 0
1710754375773907100, SB-09D3, 46.584293246269226, 54.23256158828735, 79, 180, -0.22804992968373486, -0.04408229034883249, -0.8745347559452057, -0.3050541281700134, 0, 0, 1, 1, 0
1710754375928914000, SB-A753, -40.69897532463074, 24.35802072286606, 78, 343, -0.24183733076918906, -0.043961969522381565, 0.8750303983688354, 0.3053985983133316, 0, 0, 1, 1, 0
1710754376111748700, SB-09D3, 46.05662524700165, 52.81405448913574, 79, 181, -0.22878453862271325, -0.04009555634166034, -0.9116576611995697, -0.2732616364955902, 0, 0, 1, 1, 0
1710754376328317900, SB-A753, -45.37506103515625, 26.16041898727417, 78, 344, -0.2425677399322349, -0.03973463051319698, 0.8792819976806641, 0.236160010099411, 0, 0, 1, 1, 0
1710754376643615600, SB-09D3, 43.42324137687683, 49.66931641101837, 79, 358, -0.22944945757494178, 1.5429408978505592, -0.9052201807498932, -0.17635875940322876, 0, 0, 1, 1, 0
1710754376734890800, SB-A753, -46.43746614456177, 34.799015522003174, 78, 345, -0.2297984525419668, 1.5529348061207497, 0.898607075214386, 0.14870300889015198, 0, 0, 1, 1, 0
1710754376960964000, SB-09D3, 42.38669574260712, 49.8118132352829, 80, 358, -0.2190378948857383, 1.566046285373314, -0.8889270722866058, -0.1311388909816742, 0, 0, 1, 1, 0
1710754377231487400, SB-A753, -45.55855989456177, 50.286149978637695, 79, 346, -0.21903789488573835, -0.03297903785723932, 0.8823335766792297, -0.0020980238914489746, 0, 0, 1, 1, 0
1710754377481607700, SB-09D3, 46.035248041152954, 54.67175841331482, 80, 182, -0.20338141975021543, -1.55952131214776, -0.9333102405071259, -0.0030617117881774902, 0, 0, 1, 1, 0
1710754377693501700, SB-A753, -49.11763072013855, 60.301339626312256, 78, 193, -0.21733058738256955, -1.5589122783361427, 0.9517011344432831, -0.056696414947509766, 0, 0, 1, 1, 0
1710754377807316300, SB-09D3, 44.719964265823364, 52.42653489112854, 80, 183, -0.21733058738256955, -1.5589122783361427, -0.9534642696380615, 0.12954169511795044, 0, 0, 1, 1, 0
1710754378158920100, SB-A753, -57.76893496513367, 74.69249963760376, 79, 193, 0, 0, 0, 0, 0, 0, 0, 0, 0
1710754378260546200, SB-09D3, 43.205395340919495, 50.95497369766235, 80, 184, 0, 0, 0, 0, 0, 0, 0, 0, 0
1710754378496807200, SB-A753, -67.8519606590271, 76.980721950531, 79, 193, 0, 0, 0, 0, 0, 0, 0, 0, 0
1710754378572037100, SB-09D3, 46.10360860824585, 47.237420082092285, 80, 184, 0, 0, 0, 0, 0, 0, 0, 0, 0
1710754378994772700, SB-A753, -76.66836380958557, 61.54019832611084, 79, 193, 0, 0, 0, 0, 0, 0, 0, 0, 0
1710754379002634900, SB-09D3, 44.90428268909454, 40.6122088432312, 80, 356, 0, 0, 0, 0, 0, 0, 0, 0, 0
1710754379354132500, SB-09D3, 41.73069894313812, 35.76477766036987, 80, 356, 0, 0, 0, 0, 0, 0, 0, 0, 0
1710754379362624300, SB-A753, -79.14295196533203, 49.63419437408447, 79, 193, 0, 0, 0, 0, 0, 0, 0, 0, 0
1710754379685755400, SB-09D3, 39.16673958301544, 36.84940040111542, 80, 356, 0, 0, 0, 0, 0, 0, 0, 0, 0
1710754380005448900, SB-09D3, 39.823147654533386, 43.774473667144775, 80, 356, 0, 0, 0, 0, 0, 0, 0, 0, 0
1710754380018427900, SB-A753, -82.72073864936829, 32.91267454624176, 79, 347, 0, 0, 0, 0, 0, 0, 0, 0, 0
1710754380319648800, SB-09D3, 39.44535851478577, 47.42642343044281, 80, 356, 0, 0, 0, 0, 0, 0, 0, 0, 0
1710754380394237200, SB-A753, -82.33416080474854, 34.656330943107605, 79, 347, 0, 0, 0, 0, 0, 0, 0, 0, 0
1710754380746667900, SB-09D3, 41.00911617279053, 57.127565145492554, 80, 184, 0, 0, 0, 0, 0, 0, 0, 0, 0
1710754380750725000, SB-A753, -84.38800573348999, 33.597561717033386, 79, 347, 0, 0, 0, 0, 0, 0, 0, 0, 0
1710754381126405200, SB-A753, -85.34523248672485, 32.609185576438904, 79, 347, 0, 0, 0, 0, 0, 0, 0, 0, 0
1710754381196948400, SB-09D3, 41.21122360229492, 54.76329326629639, 80, 184, 0, 0, 0, 0, 0, 0, 0, 0, 0
1710754381539825600, SB-09D3, 37.89191544055939, 55.997925996780396, 80, 184, 0, 0, 0, 0, 0, 0, 0, 0, 0
1710754381595972200, SB-A753, -91.50060415267944, 48.841625452041626, 79, 13, 0, 0, 0, 0, 0, 0, 0, 0, 0
1710754381862915300, SB-09D3, 32.48438537120819, 53.788167238235474, 80, 184, 0, 0, 0, 0, 0, 0, 0, 0, 0
1710754382116874500, SB-A753, -89.96110558509827, 64.12528157234192, 79, 167, 0, 0, 0, 0, 0, 0, 0, 0, 0
1710754382322266200, SB-09D3, 29.062139987945557, 42.6836371421814, 80, 356, 0, 0, 0, 0, 0, 0, 0, 0, 0
1710754382505871600, SB-A753, -85.77407598495483, 72.23826050758362, 79, 167, 0, 0, 0, 0, 0, 0, 0, 0, 0
1710754382643173400, SB-09D3, 27.529561519622803, 38.527676463127136, 80, 356, 0, 0, 0, 0, 0, 0, 0, 0, 0
1710754382914765600, SB-A753, -77.96708941459656, 72.86494970321655, 79, 167, 0, 0, 0, 0, 0, 0, 0, 0, 0
1710754383063458200, SB-09D3, 23.852625489234924, 37.80946433544159, 80, 356, 0, 0, 0, 0, 0, 0, 0, 0, 0
1710754383302821900, SB-A753, -75.10128617286682, 66.83940887451172, 79, 167, 0, 0, 0, 0, 0, 0, 0, 0, 0
1710754383374849400, SB-09D3, 24.364666640758514, 41.93523824214935, 80, 356, 0, 0, 0, 0, 0, 0, 0, 0, 0
1710754383684328100, SB-09D3, 24.52784776687622, 48.88252317905426, 80, 356, 0.12190615393635301, 0.028298889027523588, -0.9851554036140442, 0.055926352739334106, 0, 0, 1, 1, 0
1710754383815577400, SB-A753, -72.5830614566803, 49.06987249851227, 79, 167, 0.12190615393635301, 0.028298889027523588, 0.9679726362228394, 0.04518863558769226, 0, 0, 1, 1, 0
1710754384157493500, SB-09D3, 22.94071763753891, 64.40614461898804, 80, 184, 0.13531311852843728, -0.03151761644982216, -0.9427581876516342, -0.220130056142807, 0, 0, 1, 1, 0
1710754384355302300, SB-A753, -70.26607990264893, 32.98966586589813, 79, 14, 0.12139370332561117, -0.030422134715359164, 0.9136448204517365, 0.3273628056049347, 0, 0, 1, 1, 0
1710754384484547000, SB-09D3, 21.09840214252472, 65.7259464263916, 80, 185, 0.12139370332561117, -0.030422134715359164, -0.9136448204517365, -0.3273628056049347, 0, 0, 1, 1, 0
1710754384865246300, SB-A753, -71.21235132217407, 32.09337294101715, 79, 14, 0.10749552690961471, -0.029083892536581432, 0.8833371996879578, 0.36404213309288025, 0, 0, 1, 1, 0
1710754384948097400, SB-09D3, 17.121368646621704, 68.49758625030518, 80, 186, 0.10749552690961471, -0.029083892536581432, -0.8568649291992188, -0.3742261230945587, 0, 0, 1, 1, 0
1710754385257261900, SB-A753, -61.10996603965759, 34.38014090061188, 79, 14, 0.09362282279961967, -0.02750329755502051, 0.7773583829402924, 0.27083298563957214, 0, 0, 1, 1, 0
1710754385308635400, SB-09D3, 16.625872254371643, 61.46343946456909, 80, 187, 0.09362282279961967, -0.02750329755502051, -0.7773583829402924, -0.27083298563957214, 0, 0, 1, 1, 0
1710754385753107100, SB-A753, -56.559181213378906, 45.9093451499939, 79, 14, 0.0797798167556851, -0.02568083123521902, 0.7026075273752213, 0.11040210723876953, 0, 0, 1, 1, 0
1710754385755637200, SB-09D3, 13.701571524143219, 56.94955587387085, 80, 188, 0.0797798167556851, -0.02568083123521902, -0.7026075273752213, -0.11040210723876953, 0, 0, 1, 1, 0
1710754386112338300, SB-09D3, 11.117908358573914, 51.28953456878662, 80, 189, 0.06597072549155293, -0.02361704871807305, -0.6511224806308746, 0.06797683238983154, 0, 0, 1, 1, 0
1710754386116855100, SB-A753, -53.99433970451355, 58.087217807769775, 79, 14, 0.05219975539019313, -0.021312578651729128, 0.6511224806308746, -0.06797683238983154, 0, 0, 1, 1, 0
1710754386738492800, SB-09D3, 8.424705266952515, 35.74260771274567, 80, 350, 0.0521997553901932, 0.021312578651729128, -0.5687490403652191, 0.46574607491493225, 0, 0, 1, 1, 0
1710754386759672800, SB-A753, -48.4501987695694, 82.31721520423889, 79, 166, 0.0521997553901932, 0.021312578651729128, 0.5590741038322449, -0.4996740221977234, 0, 0, 1, 1, 0
1710754387054436000, SB-09D3, 4.865313693881035, 28.55808436870575, 80, 350, 0.0655485034974473, 0.024764799641402532, -0.4904593341052532, 0.5999632775783539, 0, 0, 1, 1, 0
1710754387098578000, SB-A753, -44.18061971664429, 88.55441212654114, 79, 165, 0.0655485034974473, 0.024764799641402532, 0.46008345298469067, -0.618014931678772, 0, 0, 1, 1, 0
1710754387382215800, SB-09D3, 0.09048725478351116, 26.437363028526306, 80, 350, 0.07883496896188508, 0.028449462618494438, -0.3967464710585773, 0.6305221617221832, 0, 0, 1, 1, 0
1710754387696210700, SB-A753, -35.9190434217453, 83.20688009262085, 79, 164, 0.07883496896188508, 0.028449462618494438, 0.32532209903001785, -0.5154423713684082, 0, 0, 1, 1, 0
1710754387743299800, SB-09D3, -3.3541712909936905, 34.366604685783386, 80, 350, 0.0920551045974176, 0.032365445198968244, -0.3256487213075161, 0.48840275406837463, 0, 0, 1, 1, 0
1710754388060538400, SB-A753, -34.66156721115112, 76.30173563957214, 79, 163, 0.0920551045974176, 0.032365445198968244, 0.3009319342672825, -0.3354525864124298, 0, 0, 1, 1, 0
1710754388091098800, SB-09D3, -4.5683737844228745, 42.75647699832916, 80, 350, 0.10520488342266422, 0.03651155453659513, -0.3009319342672825, 0.3354525864124298, 0, 0, 1, 1, 0
1710754388451287100, SB-09D3, -5.485067889094353, 53.415149450302124, 80, 350, 0.10520488342266422, 0.03651155453659513, -0.26193853095173836, 0.11887103319168091, 0, 0, 1, 1, 0
1710754388509997000, SB-A753, -29.926198720932007, 59.054964780807495, 79, 162, 0.10520488342266422, 0.03651155453659513, 0.24441130831837654, -0.05639815330505371, 0, 0, 1, 1, 0
1710754388889239400, SB-09D3, -8.798221498727798, 67.88798570632935, 80, 190, 0.11828029988760942, -0.040886527686306094, -0.17176996916532516, -0.21779069304466248, 0, 0, 1, 1, 0
1710754389115825400, SB-A753, -22.08724617958069, 34.79117453098297, 79, 19, 0.10455164571991804, -0.038342072034670875, 0.13555572926998138, 0.3245346248149872, 0, 0, 1, 1, 0
1710754389229772600, SB-09D3, -8.51757600903511, 67.53384470939636, 80, 191, 0.10455164571991804, -0.038342072034670875, -0.13569670170545578, -0.3274267017841339, 0, 0, 1, 1, 0
1710754389499925500, SB-A753, -17.6241472363472, 30.86875081062317, 79, 19, 0.10455164571991804, -0.038342072034670875, 0.07788165658712387, 0.3759876489639282, 0, 0, 1, 1, 0
1710754389733148900, SB-09D3, -14.07381147146225, 69.29702162742615, 80, 191, 0.10455164571991804, -0.038342072034670875, -0.01737751066684723, -0.3894318640232086, 0, 0, 1, 1, 0
1710754389963460400, SB-A753, -8.321036398410797, 34.70167517662048, 79, 19, 0.10455164571991804, -0.038342072034670875, -0.04846690595149994, 0.3520911931991577, 0, 0, 1, 1, 0
1710754390108117700, SB-09D3, -13.497354090213776, 70.02829909324646, 80, 191, 0.09147622925497269, -0.03396709888495991, 0.06116431951522827, -0.3141563832759857, 0, 0, 1, 1, 0
1710754390300643500, SB-A753, -6.924209743738174, 42.0227587223053, 79, 18, 0.09147622925497269, -0.03396709888495991, -0.06938254088163376, 0.2810734510421753, 0, 0, 1, 1, 0
1710754390532157500, SB-09D3, -15.126487612724304, 67.94502139091492, 80, 191, 0.07832645042972627, -0.02982098954733317, 0.09641026332974434, -0.20477956533432007, -0.04820513166487217, 0.10238978266716003, 1, 1, 1
1710754390867515800, SB-09D3, -15.144601464271545, 60.22031307220459, 80, 191, 0.07832645042972614, -1.5407825039689294, 0.14407589565962553, 0.05159395933151245, -0.07203794782981277, -0.025796979665756226, 1, 1, 1
1710754390897149700, SB-A753, -0.7370118983089924, 65.37970900535583, 79, 163, 0.07832645042972614, -1.5407825039689294, -0.14407589565962553, -0.05159395933151245, 0.07203794782981277, 0.025796979665756226, 1, 1, 1
1710754391212732000, SB-09D3, -17.906583845615387, 43.84368658065796, 80, 191, 0.0812501674769535, -1.5503455515285596, 0.22321586683392525, 0.28428685665130615, 0, 0, 1, 1, 0
1710754391256009700, SB-A753, 4.415002837777138, 72.27237224578857, 80, 163, 0.0812501674769535, -1.5503455515285596, -0.22321586683392525, -0.28428685665130615, 0, 0, 1, 1, 0
1710754391658663800, SB-09D3, -20.109693706035614, 30.891898274421692, 80, 349, 0.08125016747695356, 0.02025794198770271, 0.32493767887353897, 0.378915935754776, 0, 0, 1, 1, 0
1710754391684711300, SB-A753, 12.384074181318283, 68.78349184989929, 80, 163, 0.09497882164464497, 0.022802397639337925, -0.32493767887353897, -0.378915935754776, 0, 0, 1, 1, 0
1710754391998937700, SB-09D3, -23.592714965343475, 23.858609795570374, 80, 350, 0.09497882164464497, 0.022802397639337925, 0.37315918505191803, 0.3789583146572113, 0, 0, 1, 1, 0
1710754392051638300, SB-A753, 13.723203539848328, 61.754441261291504, 80, 163, 0.10874979174600441, 0.02510686770568171, -0.40034598112106323, -0.39815402030944824, 0, 0, 1, 1, 0
1710754392446917600, SB-09D3, -30.656003952026367, 22.896407544612885, 80, 351, 0.10874979174600441, 0.02510686770568171, 0.47172021865844727, 0.282442644238472, 0, 0, 1, 1, 0
1710754392790387500, SB-09D3, -31.621110439300537, 28.807657957077026, 80, 352, 0.12255888301013672, 1.5572582597636848, 0.5253747701644897, 0.05388987064361572, 0, 0, 1, 1, 0
1710754392791936200, SB-A753, 20.916366577148438, 34.1966450214386, 80, 17, 0.13640188905407163, 1.5590807260834862, -0.5253747701644897, -0.05388987064361572, 0, 0, 1, 1, 0
1710754393133199700, SB-09D3, -32.34550952911377, 37.42673993110657, 80, 353, 0.12301440992948154, 1.5630462780637129, 0.5802592039108276, -0.10149112343788147, 0, 0, 1, 1, 0
1710754393163757700, SB-A753, 25.680410861968994, 27.27762758731842, 80, 16, 0.1368871140394766, 1.564626873045274, -0.5847656726837158, 0.16225796937942505, 0, 0, 1, 1, 0
1710754393483961400, SB-09D3, -33.19052755832672, 55.876898765563965, 80, 354, 0.12343246546789387, 1.5683581773258732, 0.6388375163078308, -0.28842225670814514, 0, 0, 1, 1, 0
1710754393590920300, SB-A753, 33.90166759490967, 30.3978830575943, 80, 15, 0.13733064188388994, 1.569696419504651, -0.6709219515323639, 0.25479015707969666, 0, 0, 1, 1, 0
1710754393942861500, SB-09D3, -33.75465273857117, 69.04992461204529, 80, 185, 0.12381292228160783, -0.02071917745259924, 0.6903410255908966, -0.3155757188796997, 0, 0, 1, 1, 0
1710754393962114500, SB-A753, 35.279449820518494, 37.49235272407532, 80, 14, 0.12381292228160783, -0.02071917745259924, -0.6903410255908966, 0.3155757188796997, 0, 0, 1, 1, 0
1710754394340150600, SB-09D3, -37.26072311401367, 77.67077088356018, 80, 185, 0.11023624927696565, -0.017459706645208257, 0.7443088889122009, -0.3018275797367096, 0, 0, 1, 1, 0
1710754394439115000, SB-A753, 38.22127282619476, 53.83725166320801, 80, 13, 0.11023624927696565, -0.017459706645208257, -0.7650036513805389, 0.23777812719345093, 0, 0, 1, 1, 0
1710754394672363300, SB-09D3, -40.31648337841034, 76.71389579772949, 80, 185, 0.0966047584560811, -1.5794738390604408, 0.7990685701370239, -0.16118109226226807, 0, 0, 1, 1, 0
1710754394924401700, SB-A753, 42.10153818130493, 74.40810203552246, 80, 168, 0.0966047584560811, -1.5794738390604408, -0.8435606360435486, -0.015425682067871094, 0, 0, 1, 1, 0
1710754394990282700, SB-09D3, -42.14537441730499, 69.23475861549377, 80, 185, 0.0966047584560811, -1.5794738390604408, 0.8424691259860992, 0.051733434200286865, 0, 0, 1, 1, 0
1710754395312574600, SB-09D3, -42.01570153236389, 62.2930645942688, 80, 185, 0.0966047584560811, -1.5794738390604408, 0.8775847554206848, 0.20019268989562988, 0, 0, 1, 1, 0
1710754395405348300, SB-A753, 47.99247682094574, 83.70481729507446, 80, 168, 0.0966047584560811, -1.5794738390604408, -0.9053635597229004, -0.27373170852661133, 0, 0, 1, 1, 0
1710754395632963200, SB-09D3, -43.12976896762848, 49.64571297168732, 80, 185, 0.0966047584560811, -1.5794738390604408, 0.9295519292354584, 0.3440253436565399, 0, 0, 1, 1, 0
1710754395753997300, SB-A753, 52.41238474845886, 82.34055042266846, 80, 168, 0, 0, 0, 0, 0, 0, 0, 0, 0
1710754396143431400, SB-A753, 53.643304109573364, 76.88210010528564, 80, 168, 0, 0, 0, 0, 0, 0, 0, 0, 0
1710754396162389700, SB-09D3, -44.83001232147217, 29.477021098136902, 80, 355, 0, 0, 0, 0, 0, 0, 0, 0, 0
1710754396487061800, SB-09D3, -47.12148606777191, 22.28817194700241, 80, 355, 0, 0, 0, 0, 0, 0, 0, 0, 0
1710754396500658100, SB-A753, 56.35913014411926, 60.31656861305237, 80, 168, 0, 0, 0, 0, 0, 0, 0, 0, 0
1710754396829678600, SB-09D3, -51.55404210090637, 18.44884902238846, 80, 355, 0, 0, 0, 0, 0, 0, 0, 0, 0
