1723797303480083800, SB-41E0, 23.02282154560089, 35.13067364692688, 77, 34, 0, 0, 0, 0, 0, 0, 0, 0, 0
1723797303983597200, SB-41E0, 27.01118290424347, 41.194385290145874, 77, 34, 0, 0, 0, 0, 0, 0, 0, 0, 0
1723797304691590000, SB-41E0, 37.764349579811096, 57.65874981880188, 77, 34, 0, 0, 0, 0, 0, 0, 0, 0, 0
1723797305390307200, SB-41E0, 52.58457660675049, 79.56019639968872, 77, 146, 0, 0, 0, 0, 0, 0, 0, 0, 0
1723797305885010200, SB-41E0, 66.42820239067078, 85.38682460784912, 77, 146, 0, 0, 0, 0, 0, 0, 0, 0, 0
1723797306728326000, SB-41E0, 82.75693655014038, 63.37123513221741, 77, 214, 0, 0, 0, 0, 0, 0, 0, 0, 0
1723797307101093500, RV-C7F7, -5.340203644118446, 11.062994601888931, 71, 334, -0.74182204989272, -0.00021515799497372258, 0.9022163450845255, 0.39594551918344223, 0, 0, 1, 1, 0
1723797307212656700, SB-41E0, 83.26230645179749, 43.975889682769775, 77, 214, -0.7306375015083714, 0.005119597928639408, -0.8860251009591593, -0.32912895080880844, 0, 0, 1, 1, 0
1723797307460766900, RV-C7F7, -6.484612823987845, 13.351812961991527, 71, 335, -0.7474485861897125, 0.004539934250607942, 0.8756473958637798, 0.26413172480170033, 0, 0, 1, 1, 0
1723797307732132500, RV-C7F7, -9.154900910652941, 19.07385886170232, 71, 336, -0.736172636937634, 0.009678680380833029, 0.8224816024521715, 0.09555074568015698, 0, 0, 1, 1, 0
1723797308067994400, SB-41E0, 64.68870043754578, 17.484407126903534, 78, 325, -0.7248087215812007, 1.2924970404966463, -0.7565558254973439, 0.057856187277138815, 0, 0, 1, 1, 0
1723797308091146500, RV-C7F7, -12.68349588226556, 27.46619284789631, 71, 337, -0.7248087215812007, 1.2924970404966463, 0.7737219631981134, -0.09981785720992775, 0, 0, 1, 1, 0
1723797308371174800, RV-C7F7, -16.116723422055657, 35.66779197080905, 72, 338, -0.7228421319767836, 1.3147024902763904, 0.7581087053204101, -0.2272922844513232, 0, 0, 1, 1, 0
1723797308540431700, SB-41E0, 55.728429555892944, 12.395832687616348, 79, 325, -0.7111503083899433, 1.3193080220662887, -0.7346639931602112, 0.27468126276471594, 0, 0, 1, 1, 0
1723797308641665400, RV-C7F7, -17.73796976012818, 39.86395896408794, 72, 339, -0.7111503083899433, 1.3193080220662887, 0.6858049333495728, -0.2729416043493984, 0, 0, 1, 1, 0
1723797308934932800, RV-C7F7, -20.8850950049964, 48.44702781374508, 72, 340, -0.7051156522753186, 1.3319003223970476, 0.6767795980449591, -0.3320032955343777, 0, 0, 1, 1, 0
1723797309023989100, SB-41E0, 44.24295723438263, 19.260722398757935, 80, 325, -0.6932702202899901, 1.3360950098627011, -0.6674929857763345, 0.3338247240826604, 0, 0, 1, 1, 0
1723797309216129900, RV-C7F7, -23.936852818223997, 56.83936179993907, 72, 341, -0.6932702202899901, 1.3360950098627011, 0.6601732671806531, -0.33987377597077284, 0, 0, 1, 1, 0
1723797309484789800, SB-41E0, 34.91833209991455, 32.7657014131546, 80, 325, -0.6813533850307992, -0.02943905630131738, -0.6028569639311172, 0.2846056224334461, 0, 0, 1, 1, 0
1723797309599230300, RV-C7F7, -26.797875768170343, 65.61316551305936, 72, 198, -0.6813533850307992, -0.02943905630131738, 0.5795870721958636, -0.2741129697897122, 0, 0, 1, 1, 0
1723797309902819500, RV-C7F7, -32.329186804599885, 72.2888857293583, 72, 199, -0.6932702202899901, -0.02545173900031486, 0.560625389292909, -0.23227819817111595, 0, 0, 1, 1, 0
1723797310071166900, SB-41E0, 19.412237405776978, 55.023348331451416, 80, 325, -0.7051156522753186, -0.02125705153466086, -0.5622369349857763, 0.17074802534625633, 0, 0, 1, 1, 0
1723797310183283200, RV-C7F7, -40.340051064413274, 69.80933250633825, 72, 200, -0.7051156522753186, -0.02125705153466086, 0.5542314947597333, -0.08810016529241693, 0, 0, 1, 1, 0
1723797310464891800, RV-C7F7, -45.10842264753592, 62.37067283655051, 72, 201, -0.7168860727534532, -1.327499542509179, 0.562589027093054, 0.04352983817807399, 0, 0, 1, 1, 0
1723797310768295300, RV-C7F7, -48.73238505060726, 54.16907371363777, 73, 201, -0.7204697522489062, -1.336835346774151, 0.5180599467093998, 0.23979768144272384, 0, 0, 1, 1, 0
1723797310891136100, SB-41E0, -0.9681010618805885, 83.78522396087646, 80, 215, -0.7240534317443593, -1.3461711510391228, -0.47764283988726675, -0.29616150247238693, 0, 0, 1, 1, 0
1723797311039013400, RV-C7F7, -50.353631388861686, 49.78217185707763, 74, 201, -0.7354204844975007, -1.3380631111078873, 0.46735340740997344, 0.36958804714959115, 0, 0, 1, 1, 0
1723797311364378000, SB-41E0, -12.64721006155014, 89.64002132415771, 80, 216, -0.739004163992954, 0.052971724372943216, -0.4094891400382039, -0.48440918316737225, 0, 0, 1, 1, 0
1723797311420752200, RV-C7F7, -55.408105267088104, 36.812201150860346, 75, 339, -0.7502279806806144, 0.061276911835066915, 0.42760895205537963, 0.5282782017329737, 0, 0, 1, 1, 0
1723797311726004600, RV-C7F7, -58.65059794359695, 33.37897361107025, 75, 339, -0.7502279806806144, 0.061276911835066915, 0.39678414179616084, 0.50864335886763, 0, 0, 1, 1, 0
1723797311982486700, RV-C7F7, -67.42440165653534, 34.90485251768405, 75, 339, -0.7502279806806144, 0.061276911835066915, 0.4253396691456146, 0.40588822952668124, 0, 0, 1, 1, 0
1723797312038780300, SB-41E0, -24.890434741973877, 75.49367547035217, 80, 217, -0.7502279806806144, 0.061276911835066915, -0.4253396691456146, -0.40588822952668124, 0, 0, 1, 1, 0
1723797312253062600, RV-C7F7, -72.86034526132426, 42.34351218747179, 75, 339, -0.7613051424195021, 0.06977671698752361, 0.43973395245302527, 0.2824321686221083, 0, 0, 1, 1, 0
1723797312500372200, SB-41E0, -36.7756187915802, 60.02858281135559, 80, 218, -0.7613051424195021, 0.06977671698752361, -0.38087442534742877, -0.1348890363060491, 0, 0, 1, 1, 0
1723797312545732100, RV-C7F7, -76.77040995968127, 50.92658103676513, 75, 339, -0.7722322749988457, 0.07846855070732453, 0.3560254277599597, 0.03356811392586678, 0, 0, 1, 1, 0
1723797312815497300, RV-C7F7, -78.48702372957632, 55.31348289332527, 75, 339, -0.7722322749988457, 0.07846855070732453, 0.3287661971498892, -0.06666171563483658, 0, 0, 1, 1, 0
1723797313141539100, SB-41E0, -55.177390575408936, 36.668118834495544, 80, 219, -0.7722322749988455, -1.321902089038478, -0.26552125830494333, 0.27419167771950015, 0, 0, 1, 1, 0
1723797313175565000, RV-C7F7, -83.63686503926147, 68.4741884630057, 75, 201, -0.7830060499082068, -1.3130208743680836, 0.2845947446385253, -0.3180606962851016, 0, 0, 1, 1, 0
1723797313581401900, RV-C7F7, -91.64772929889295, 72.47962059300335, 76, 159, -0.24187044609480354, -0.09668556964269108, 0.24347510955158214, -0.49192580597809865, 0, 0, 1, 1, 0
1723797313850507700, RV-C7F7, -96.51146831365622, 65.42243064977811, 76, 159, -0.24187044609480354, -0.09668556964269108, 0.2704215350004233, -0.43666079655668, 0, 0, 1, 1, 0
1723797314052917800, SB-41E0, -70.10944485664368, 19.550950825214386, 80, 320, -0.24187044609480354, -0.09668556964269108, -0.26211288593731297, 0.4110310824144108, 0, 0, 1, 1, 0
1723797314122860900, RV-C7F7, -96.32073345037497, 60.65405906665546, 76, 159, -0.24187044609480354, -0.09668556964269108, 0.26211288593731297, -0.4110310824144108, 0, 0, 1, 1, 0
1723797314424937400, RV-C7F7, -93.93654765881365, 51.498785626972676, 76, 159, 0.7865897294036596, -0.09668556964269094, 0.1838394107617205, -0.3237963320025301, 0, 0, 1, 1, 0
1723797314699138200, RV-C7F7, -90.6940549823048, 42.53424705075304, 76, 158, 0.7989310987453248, -0.09182417497557602, 0.19193282744527096, -0.23164740214815538, 0, 0, 1, 1, 0
1723797314762719100, SB-41E0, -71.50077223777771, 19.3695068359375, 80, 40, 0.8111857454010795, -0.08674813412867231, -0.19193282744527096, 0.23164740214815538, 0, 0, 1, 1, 0
1723797315079681000, RV-C7F7, -86.97472514741094, 33.76044333763275, 76, 23, 0.8111857454010795, 1.3124192431190371, 0.14355990310832567, -0.13809877641870116, -0.07177995155416284, 0.06904938820935058, 1, 1, 1
1723797315301931000, SB-41E0, -73.27409386634827, 23.378345370292664, 80, 40, 0.8150930566859722, 1.3216242916535614, -0.07787850518070627, 0.031341731608335976, 0.038939252590353135, -0.015670865804167988, 1, 1, 1
1723797315392485000, RV-C7F7, -81.0619443844189, 26.51251853112626, 77, 23, 0.8043192817766106, 1.330505506323956, 0.07787850518070627, -0.031341731608335976, -0.038939252590353135, 0.015670865804167988, 1, 1, 1
1723797315662116900, RV-C7F7, -72.2881406714805, 28.992071754510107, 78, 23, 0.8082265930615035, 1.3397105548584802, 0.04823848622072546, 0.028070866994312382, -0.02411924311036273, -0.014035433497156191, 1, 1, 1
1723797315819706100, SB-41E0, -65.7664954662323, 34.561216831207275, 80, 39, 0.8121339043463962, 1.3489156033930048, -0.03374519960379985, -0.017544478099807748, 0.016872599801899923, 0.008772239049903874, 1, 1, 1
1723797315933134900, RV-C7F7, -66.56609477158781, 36.812201150860346, 79, 23, 0.8012067717670529, 1.3576074371128055, 0.00799599305355514, -0.02250984319653071, -0.00399799652677757, 0.011254921598265355, 1, 1, 1
1723797316226585100, RV-C7F7, -62.274560346850194, 45.776739727261884, 80, 23, 0.8051140830519457, 1.3668124856473298, 0.07773193731554784, 0.02917915571924823, -0.03886596865777392, -0.014589577859624114, 1, 1, 1
1723797316348940700, SB-41E0, -50.424546003341675, 54.050713777542114, 80, 38, 0.8051140830519457, 1.3668124856473298, -0.11850014343508519, -0.0827397405028023, 0.059250071717542596, 0.04136987025140115, 1, 1, 1
1723797316508185700, RV-C7F7, -60.367211713492, 50.35437644692138, 80, 23, 0.7940369213130578, 1.3753122907997866, 0.14350870265661797, 0.09437355387490243, -0.07175435132830899, -0.047186776937451214, 1, 1, 1
1723797316889953300, RV-C7F7, -54.54979838195868, 64.08728660644556, 80, 157, 0.7940369213130575, -1.3753122907997866, 0.1638047100368567, 0.06701633319244138, -0.08190235501842835, -0.03350816659622069, 1, 1, 1
1723797317182207200, RV-C7F7, -46.443566690868465, 68.8556581895682, 80, 156, 0.8068413329822789, -1.3697447741519146, 0.12416151176876156, 0.07632830723014195, -0.06208075588438078, -0.03816415361507097, 1, 1, 1
1723797317282946400, SB-41E0, -29.722899198532104, 82.32889771461487, 80, 143, 0.8195466279141981, -1.363954637667154, -0.1672066749233636, -0.13473239525046665, 0.0836033374616818, 0.06736619762523333, 1, 1, 1
1723797317462752900, RV-C7F7, -41.9612974026677, 67.13904441967316, 80, 155, 0.8195466279141981, -1.363954637667154, 0.18922875831412966, 0.20173135384175112, 0, 0, 1, 1, 0
1723797317744284700, RV-C7F7, -35.476312049468106, 59.509649886604166, 80, 154, 0.8321489359529004, -1.357943645077168, 0.15268599995215482, 0.26976194963935995, 0, 0, 1, 1, 0
1723797317777286500, SB-41E0, -20.207712054252625, 86.48584485054016, 80, 143, 0.8446444183132761, -1.3517136273885286, -0.15268599995215482, -0.26976194963935995, 0, 0, 1, 1, 0
1723797318046687700, RV-C7F7, -30.421838171423587, 50.73584617348388, 80, 153, 0.8446444183132761, -1.3517136273885286, 0.11542506523073826, 0.34690818178933114, 0, 0, 1, 1, 0
1723797318305962600, RV-C7F7, -25.93956888322282, 41.77130759726424, 80, 152, 0.857029268750351, -1.345266482324976, 0.12331011897367716, 0.36183384051219036, 0, 0, 1, 1, 0
1723797318384587300, SB-41E0, -13.608556985855103, 77.95469164848328, 80, 143, 0.8692997147187083, -1.3386041737493508, -0.12331011897367716, -0.36183384051219036, 0, 0, 1, 1, 0
1723797318679484900, RV-C7F7, -21.2665647317408, 32.99750388450775, 80, 29, 0.8692997147187081, 0.0607873576736823, 0.15312450384044496, 0.35034492604063416, 0, 0, 1, 1, 0
1723797318835129000, SB-41E0, -1.4722160995006561, 62.16474175453186, 80, 143, 0.8692997147187081, 0.0607873576736823, -0.16456488523908774, -0.32791200273459253, 0, 0, 1, 1, 0
1723797318981097700, RV-C7F7, -13.06496560882806, 27.84766257445881, 80, 29, 0.8803768764575963, 0.06928716282613913, 0.16197557005398266, 0.2833449541885784, 0, 0, 1, 1, 0
1723797319251196300, RV-C7F7, -4.7679990540927975, 32.99750388450775, 80, 29, 0.8803768764575963, 0.06928716282613913, 0.1249877363552514, 0.17282041899488831, -0.0624938681776257, -0.08641020949744416, 1, 1, 1
1723797319341533500, SB-41E0, 12.328001111745834, 44.517260789871216, 80, 142, 0.8803768764575963, 0.06928716282613913, -0.17096000165838632, -0.11519756905363465, 0.08548000082919316, 0.057598784526817326, 1, 1, 1
1723797319533243600, RV-C7F7, -1.6208738092245767, 36.812201150860346, 80, 29, 0.8913040090369395, 0.07797899654593991, 0.1851633936203143, 0.020277261648516287, -0.09258169681015715, -0.010138630824258144, 1, 1, 1
1723797319836067500, RV-C7F7, 3.624334932101192, 45.204535137418134, 80, 29, 0.8913040090369395, 1.3214125348770933, 0.27183341979252873, -0.2338520289540611, 0, 0, 1, 1, 0
1723797320015277600, SB-41E0, 34.2322051525116, 17.895124852657318, 80, 39, 0.8913040090369395, 1.3214125348770933, -0.2812831699702656, 0.3169631214113906, 0, 0, 1, 1, 0
1723797320119649600, RV-C7F7, 8.583441378868883, 53.978338849992724, 80, 29, 0.8803768764575963, 1.330104368596894, 0.25648763773642713, -0.36083213997335406, 0, 0, 1, 1, 0
1723797320478216500, RV-C7F7, 13.351812961991527, 62.75214256311301, 80, 151, 0.8803768764575963, -0.06928716282613913, 0.29569390412871144, -0.4893615694309119, 0, 0, 1, 1, 0
1723797320601574000, SB-41E0, 47.84439504146576, 14.347657561302185, 80, 38, 0.8925291802605265, -0.06241172014217348, -0.31440824266428535, 0.5240991713180847, 0, 0, 1, 1, 0
1723797320783345400, RV-C7F7, 20.981207494878618, 68.66492332628695, 80, 150, 0.8925291802605265, -0.06241172014217348, 0.31226059789514693, -0.5155477972439257, 0, 0, 1, 1, 0
1723797321063635900, RV-C7F7, 29.564276344353857, 64.65949119628931, 80, 149, 0.90455964018857, -0.055325237676312256, 0.28418323390906153, -0.3886048497261072, 0, 0, 1, 1, 0
1723797321063635900, SB-41E0, 57.98259973526001, 25.79900622367859, 80, 38, 0.90455964018857, -0.055325237676312256, -0.28418323390906153, 0.3886048497261072, 0, 0, 1, 1, 0
1723797321355391700, RV-C7F7, 35.858526834454096, 56.83936179993907, 80, 148, 0.9164645916470906, -0.04802987403976324, 0.30247268072162115, -0.2086862923024455, 0, 0, 1, 1, 0
1723797321534339900, SB-41E0, 69.97911930084229, 41.414234042167664, 80, 38, 0.9282404082725485, -0.04052785147096166, -0.3125956951680564, 0.1122896076485631, 0, 0, 1, 1, 0
1723797321659297000, RV-C7F7, 41.38983787070174, 48.44702781374508, 80, 147, 0.9282404082725485, -0.04052785147096166, 0.3232134877671342, -0.016275912636046996, 0, 0, 1, 1, 0
1723797321940641600, RV-C7F7, 44.060125957366836, 44.250860820648086, 80, 146, -0.04517485748392901, -0.03282145515865565, 0.37711092819336045, 0.13438871492508042, 0, 0, 1, 1, 0
1723797322187017700, SB-41E0, 85.82035899162292, 63.20952773094177, 80, 322, -0.03366803117968971, 1.2857302383165712, -0.36228921997826546, -0.27351000896487676, 0, 0, 1, 1, 0
1723797322300808300, RV-C7F7, 52.452459943378926, 31.853094704456453, 80, 35, -0.02259086944080181, 1.2942300434690277, 0.3587253986588621, 0.3545862137525546, 0, 0, 1, 1, 0
1723797322603339000, RV-C7F7, 56.83936179993907, 29.373541481072607, 80, 34, -0.03409769574504118, 0.024321650006199107, 0.32367846356646623, 0.5181861221117288, 0, 0, 1, 1, 0
1723797322806001500, SB-41E0, 87.2580885887146, 85.9080970287323, 80, 217, -0.045740790509617074, 0.032028046318505046, -0.21072718485811492, -0.538642674609946, 0, 0, 1, 1, 0
1723797322863242200, RV-C7F7, 66.18537010290311, 32.0438295677377, 80, 33, -0.045740790509617074, 0.032028046318505046, 0.17062285527208587, 0.5757627784460055, 0, 0, 1, 1, 0
1723797323132706000, RV-C7F7, 72.86109031956585, 39.29175437424419, 80, 32, -0.05751660713507484, 0.03953006888730649, 0.04695567471571849, 0.5299912392165425, 0, 0, 1, 1, 0
1723797323289757500, SB-41E0, 71.0985779762268, 93.2802677154541, 80, 217, -0.8934824784496823, 0.0468254325238555, 0.04623535293285386, -0.49792346347931016, 0, 0, 1, 1, 0
1723797323539556300, RV-C7F7, 78.39240135581349, 47.68408836043818, 80, 329, -0.9045596401885702, 0.055325237676312186, -0.1894139947326039, 0.4075761734329717, 0, 0, 1, 1, 0
1723797323819071300, RV-C7F7, 80.49048485263484, 57.03009666322032, 80, 329, -0.9045596401885702, 0.055325237676312186, -0.2894928755267756, 0.22540047751681414, 0, 0, 1, 1, 0
1723797323841816300, SB-41E0, 51.541197299957275, 79.57014441490173, 80, 218, -0.9045596401885702, 0.055325237676312186, 0.2894928755267756, -0.22540047751681414, 0, 0, 1, 1, 0
1723797324303052800, RV-C7F7, 74.9591738160234, 70.7630068227445, 80, 211, -0.9154867727679136, -1.3074506097272667, -0.31886199134169146, -0.024211019441281678, 0, 0, 1, 1, 0
1723797324335609000, SB-41E0, 38.80307078361511, 62.747907638549805, 80, 219, -0.9273917242264339, -1.3001552460907175, 0.3615610303240828, 0.08015099184194696, 0, 0, 1, 1, 0
1723797324584105600, RV-C7F7, 66.9483095563919, 76.48505272263719, 80, 212, -0.9273917242264339, -1.3001552460907175, -0.32341158405688475, -0.19225135463420884, 0, 0, 1, 1, 0
1723797324854389800, RV-C7F7, 58.36524070655287, 72.2888857293583, 80, 213, -0.9391675408518918, -1.292653223521916, -0.32286205901255016, -0.2613199056868325, 0, 0, 1, 1, 0
1723797324864432800, SB-41E0, 26.07903480529785, 46.15689516067505, 80, 219, -0.9508106356164675, -1.28494682720961, 0.32286205901255016, 0.2613199056868325, 0, 0, 1, 1, 0
1723797325238495900, RV-C7F7, 51.689520490253926, 64.65949119628931, 80, 214, -0.9508106356164676, -0.041513288878456935, -0.3886922003039217, -0.35750049367561587, 0, 0, 1, 1, 0
1723797325507530500, RV-C7F7, 46.158209453824384, 56.64862693665782, 80, 215, -0.9623174619207072, -0.03360486626561695, -0.40665475662353856, -0.36893059326393995, 0, 0, 1, 1, 0
1723797325539129200, SB-41E0, 5.492733791470528, 19.755567610263824, 80, 321, -0.9736845146738486, -0.025496826334381523, 0.40665475662353856, 0.36893059326393995, 0, 0, 1, 1, 0
1723797325787796300, RV-C7F7, 43.29718650387804, 52.452459943378926, 80, 216, -0.9736845146738486, -0.025496826334381523, -0.4113305025803129, -0.3576127142914629, 0, 0, 1, 1, 0
1723797326124391300, SB-41E0, -7.098482549190521, 15.13611227273941, 80, 321, -0.984908331361509, -0.017191638872257827, 0.44482888290258416, 0.29114748547908675, 0, 0, 1, 1, 0
1723797326147991400, RV-C7F7, 34.52338279112155, 40.24542869065044, 80, 217, -0.984908331361509, -0.017191638872257827, -0.4162186534031207, -0.2510931641791103, 0, 0, 1, 1, 0
1723797326420462700, RV-C7F7, 31.471624977893953, 36.239996561016596, 80, 218, -0.9959854931003969, -0.008691833719801138, -0.45734395094223146, -0.15355831393208064, 0, 0, 1, 1, 0
1723797326597640900, SB-41E0, -16.749264299869537, 24.59094375371933, 80, 321, -1.0069126256797405, 1.243433538331153, 0.44978396601254644, 0.07643620677299623, 0, 0, 1, 1, 0
1723797326789619300, RV-C7F7, 21.934881811284868, 24.795904761231213, 80, 321, -0.9959854931003969, 1.252125372050954, -0.42123158280992357, 0.04207438224875659, 0, 0, 1, 1, 0
1723797327092086000, SB-41E0, -28.473317623138428, 38.83703351020813, 80, 322, -0.9959854931003969, 1.252125372050954, 0.41062191131641157, -0.16139212245434464, 0, 0, 1, 1, 0
1723797327092608000, RV-C7F7, 12.58887350850273, 22.697821264773665, 80, 321, -0.9959854931003969, 1.252125372050954, -0.41062191131641157, 0.16139212245434464, 0, 0, 1, 1, 0
1723797327363165300, RV-C7F7, 8.201971651942586, 24.986639624512463, 80, 321, -0.9849083313615089, 1.2606251772034107, -0.4477972984495864, 0.24520790571295947, 0, 0, 1, 1, 0
1723797327553522400, SB-41E0, -40.829819440841675, 54.88228797912598, 80, 323, -0.9849083313615089, 1.2606251772034107, 0.45217093826431665, -0.2684389054138592, 0, 0, 1, 1, 0
1723797327633450100, RV-C7F7, 0.9540468457998941, 31.662359841175203, 80, 321, -0.9736845146738489, 1.2689303646655343, -0.4617189765012881, 0.2877276241033542, 0, 0, 1, 1, 0
1723797327925728000, RV-C7F7, -5.721673370680946, 39.29175437424419, 80, 321, -0.9736845146738489, 1.2689303646655343, -0.43699023126282555, 0.26480975737831614, 0, 0, 1, 1, 0
1723797328218632100, RV-C7F7, -11.920556428958662, 47.11188377059443, 80, 321, -0.9736845146738486, -0.025496826334381523, -0.4232780039019417, 0.27758380759587453, 0, 0, 1, 1, 0
1723797328397509900, SB-41E0, -55.490124225616455, 77.0411729812622, 80, 216, -0.9736845146738486, -0.025496826334381523, 0.4042244255178957, -0.2592385708085203, 0, 0, 1, 1, 0
1723797328499764500, RV-C7F7, -15.067681673826883, 51.117315900410176, 80, 321, -0.984908331361509, -0.017191638872257827, -0.4042244255178957, 0.2592385708085203, 0, 0, 1, 1, 0
1723797328768910800, RV-C7F7, -21.2665647317408, 58.937445296760416, 80, 321, -0.984908331361509, -0.017191638872257827, -0.371210187624456, 0.20241984711174155, 0, 0, 1, 1, 0
1723797329083260500, SB-41E0, -61.43852472305298, 78.86921763420105, 80, 217, -0.9849083313615089, -1.260625177203411, 0.33877709501575737, -0.12302377804371645, 0, 0, 1, 1, 0
1723797329140814200, RV-C7F7, -27.56081522147724, 66.5668398298294, 80, 219, -0.9849083313615089, -1.260625177203411, -0.33877709501575737, 0.12302377804371645, 0, 0, 1, 1, 0
1723797329422179100, RV-C7F7, -35.857781776212505, 71.9074160027958, 80, 220, -0.9956821062708702, -1.2517439625330167, -0.33158186069704243, -0.01283994333789451, 0, 0, 1, 1, 0
1723797329544999300, SB-41E0, -72.17946648597717, 66.8483555316925, 80, 217, -1.0062992417140444, -1.2426760722160521, 0.31553313126642024, 0.04105386154697044, 0, 0, 1, 1, 0
1723797329725149200, RV-C7F7, -44.82232035261404, 68.4741884630057, 80, 221, -1.0062992417140444, -1.2426760722160521, -0.30674925435960176, -0.058985978525015526, 0, 0, 1, 1, 0
1723797329996215000, RV-C7F7, -52.35634745386051, 61.79846824670676, 80, 222, -1.0167565036087254, -1.2334242684197496, -0.24407657968731655, -0.029873579886043444, 0.12203828984365828, 0.014936789943021722, 1, 1, 1
1723797330265676600, RV-C7F7, -55.789574993650604, 57.98377097999037, 80, 223, -0.06414666952836015, -1.2239913693331708, -0.2364670334955008, -0.02935501946558361, 0.1182335167477504, 0.014677509732791805, 1, 1, 1
1723797330434158600, SB-41E0, -79.71433401107788, 54.30610179901123, 80, 143, -0.06414666952836015, -1.2239913693331708, 0.20586898909277807, 0.0005370677790779155, -0.10293449454638903, -0.00026853388953895774, 1, 1, 1
1723797330559377400, RV-C7F7, -62.36992777849082, 50.73584617348388, 80, 223, -0.06414666952836015, -1.2239913693331708, -0.1724324522947427, 0.031807750347070396, 0.08621622614737134, -0.015903875173535198, 1, 1, 1
1723797330842848800, RV-C7F7, -69.23638285825291, 43.10645164059679, 80, 223, -0.06414666952836015, -1.2239913693331708, -0.11115017517113301, 0.07851645340451796, 0.05557508758556651, -0.03925822670225898, 1, 1, 1
1723797330884542100, SB-41E0, -80.35140037536621, 50.958096981048584, 80, 143, -0.06414666952836015, -1.2239913693331708, 0.11115017517113301, -0.07851645340451796, -0.05557508758556651, 0.03925822670225898, 1, 1, 1
1723797331223557700, RV-C7F7, -76.00747050637437, 35.858526834454096, 80, 137, 1.0270507065716372, -1.2239913693331708, -0.04472324234302505, 0.16330555072818242, 0.022361621171512525, -0.08165277536409121, 1, 1, 1
1723797331415972500, SB-41E0, -80.7233452796936, 52.99571752548218, 80, 143, 1.0270507065716372, -0.05382544674249801, 0.0071044264350348385, -0.2591099440414837, 0, 0, 1, 1, 0
1723797331616714000, RV-C7F7, -78.67775859285757, 22.316351538211165, 80, 43, 1.0381278683105255, -0.045325641590041175, -0.02064421754585055, 0.3069041072794789, 0, 0, 1, 1, 0
1723797331897737700, RV-C7F7, -70.09468974320043, 18.310919408213522, 80, 43, 1.0381278683105255, -0.045325641590041175, -0.10703000409921515, 0.34429082270253275, 0, 0, 1, 1, 0
1723797331908801400, SB-41E0, -80.79769015312195, 52.7400016784668, 80, 142, 1.0381278683105255, -0.045325641590041175, 0.10703000409921515, -0.34429082270253275, 0, 0, 1, 1, 0
1723797332167243100, RV-C7F7, -65.61242045499966, 19.83679831482732, 80, 43, 1.0490550008898687, -0.03663380787024039, -0.15226843937853118, 0.3284182250044978, 0, 0, 1, 1, 0
1723797332459834100, RV-C7F7, -57.60155619518628, 25.74957907800126, 80, 43, 1.0490550008898687, -0.03663380787024039, -0.23251739131046634, 0.26834037893968343, 0, 0, 1, 1, 0
1723797332470875200, SB-41E0, -80.85329532623291, 52.583616971969604, 80, 141, 1.0490550008898687, -0.03663380787024039, 0.23251739131046634, -0.26834037893968343, 0, 0, 1, 1, 0
1723797332719136200, RV-C7F7, -50.544366252142936, 32.99750388450775, 80, 43, 1.0598287757992304, -0.02775259319984599, -0.3011728822020814, 0.19107082478330994, 0, 0, 1, 1, 0
1723797332920829600, SB-41E0, -80.59173822402954, 51.98608040809631, 80, 140, 1.0598287757992304, -0.02775259319984599, 0.33385232079854177, -0.15555348983798467, 0, 0, 1, 1, 0
1723797332988951000, RV-C7F7, -47.206506144175364, 36.430731424297846, 80, 43, 1.0704459112424047, -0.018684702882881297, -0.3335368334137456, 0.15505841365848028, 0, 0, 1, 1, 0
1723797333281785600, RV-C7F7, -40.4354184960539, 44.060125957366836, 80, 43, 1.0704459112424047, -0.018684702882881297, -0.4010352789409808, 0.07841935743454087, 0, 0, 1, 1, 0
1723797333515616200, SB-41E0, -80.50320148468018, 51.844680309295654, 80, 139, 1.0704459112424047, -0.018684702882881297, 0.4683887063674774, -0.00536629545604228, 0, 0, 1, 1, 0
1723797333575610600, RV-C7F7, -33.66433084793243, 51.308050763691426, 80, 43, 1.0809031731370855, -0.009432899086578957, -0.4683887063674774, 0.00536629545604228, 0, 0, 1, 1, 0
1723797333854662300, RV-C7F7, -26.893243199810968, 58.746710433479166, 80, 43, 1.0809031731370855, -0.009432899086578957, -0.5355221330501081, -0.07058587684150552, 0, 0, 1, 1, 0
1723797334012255200, SB-41E0, -80.44307827949524, 51.63252353668213, 80, 138, 1.0809031731370855, -0.009432899086578957, 0.5698306261947437, 0.10738149299868383, 0, 0, 1, 1, 0
1723797334160705100, RV-C7F7, -20.026788120048877, 65.99463523962186, 80, 43, 1.0911973760999976, 0.0, -0.6041071116469539, -0.14388814583799103, 0, 0, 1, 1, 0
1723797334543231900, RV-C7F7, -13.160333040468686, 73.4332949094096, 80, 137, 1.0911973760999976, -1.1701659225906726, -0.6726727187324286, -0.218624085358897, 0, 0, 1, 1, 0
1723797334596920400, SB-41E0, -80.42361736297607, 51.55858397483826, 80, 137, 1.0911973760999976, -1.1701659225906726, 0.6726328432250739, 0.2187471093457134, 0, 0, 1, 1, 0
1723797334823016700, RV-C7F7, -4.1957944640671485, 76.86652244919969, 80, 137, 1.1013253844171964, -1.1605548015662575, -0.7622404992489464, -0.253185361802025, 0, 0, 1, 1, 0
1723797335092364800, SB-41E0, -80.41074872016907, 51.52355432510376, 80, 136, 1.1013253844171964, -1.1605548015662575, 0.8517949283232156, 0.20956066267899587, 0, 0, 1, 1, 0
1723797335126463300, RV-C7F7, 4.76874411215249, 72.47962059300335, 80, 137, 1.1112841129992368, -1.1507683862445743, -0.8517949283232156, -0.20956066267899587, 0, 0, 1, 1, 0
1723797335396145600, RV-C7F7, 8.392706515587633, 69.42786277977575, 80, 137, 1.1112841129992368, -1.1507683862445743, -0.8880022466400987, -0.1791252197472204, 0, 0, 1, 1, 0
1723797335644769900, SB-41E0, -80.38361072540283, 51.44975185394287, 80, 135, 1.1112841129992368, -1.1507683862445743, 0.9583350718385191, 0.1092092098260764, 0, 0, 1, 1, 0
1723797335654837300, RV-C7F7, 15.449896458449075, 62.37067283655051, 80, 137, 1.1210705283209197, -1.1408096576625344, -0.9583350718385191, -0.1092092098260764, 0, 0, 1, 1, 0
1723797335982365000, RV-C7F7, 22.316351538211165, 54.93201316676277, 80, 137, 0, 0, 0, 0, 0, 0, 0, 0, 0
1723797336127288300, SB-41E0, -80.37731051445007, 51.43876671791077, 80, 134, 0, 0, 0, 0, 0, 0, 0, 0, 0
1723797336264320200, RV-C7F7, 28.992071754510107, 47.49335349715693, 80, 137, 0, 0, 0, 0, 0, 0, 0, 0, 0
1723797336555990300, RV-C7F7, 35.66779197080905, 40.05469382736919, 80, 137, 0, 0, 0, 0, 0, 0, 0, 0, 0
1723797336723858600, SB-41E0, -80.3684949874878, 51.4251172542572, 80, 134, 0, 0, 0, 0, 0, 0, 0, 0, 0
1723797336960719700, RV-C7F7, 42.72498191403429, 32.8067690212265, 80, 43, 0, 0, 0, 0, 0, 0, 0, 0, 0
1723797337185199400, SB-41E0, -80.36236763000488, 51.41574740409851, 80, 134, 0, 0, 0, 0, 0, 0, 0, 0, 0
1723797337243557900, RV-C7F7, 51.498785626972676, 28.801336891228857, 80, 43, 0, 0, 0, 0, 0, 0, 0, 0, 0
1723797337500196700, RV-C7F7, 60.46332420337421, 32.99750388450775, 80, 43, 0, 0, 0, 0, 0, 0, 0, 0, 0
1723797337679538800, SB-41E0, -80.35690188407898, 51.40722990036011, 80, 134, 0, 0, 0, 0, 0, 0, 0, 0, 0
1723797337804933000, RV-C7F7, 64.27802146972681, 36.049261697735346, 80, 43, 0, 0, 0, 0, 0, 0, 0, 0, 0
1723797338163018700, SB-41E0, -80.35198450088501, 51.399850845336914, 80, 134, 0, 0, 0, 0, 0, 0, 0, 0, 0
1723797338197602100, RV-C7F7, 74.76843895274214, 46.73041404403193, 80, 317, 0, 0, 0, 0, 0, 0, 0, 0, 0
1723797338467534200, RV-C7F7, 76.86652244919969, 56.26715721009532, 80, 318, 0, 0, 0, 0, 0, 0, 0, 0, 0
1723797338748225200, SB-41E0, -80.34627437591553, 51.3913631439209, 80, 134, 0, 0, 0, 0, 0, 0, 0, 0, 0
1723797338770761900, RV-C7F7, 72.6703554562846, 65.04096092321561, 80, 318, 0, 0, 0, 0, 0, 0, 0, 0, 0
1723797339143010500, RV-C7F7, 66.37610496654816, 72.6703554562846, 80, 222, 0, 0, 0, 0, 0, 0, 0, 0, 0
1723797339209667900, SB-41E0, -80.34199476242065, 51.385122537612915, 80, 134, 0, 0, 0, 0, 0, 0, 0, 0, 0
1723797339412469900, RV-C7F7, 57.03009666322032, 75.72211326951219, 80, 222, 0, 0, 0, 0, 0, 0, 0, 0, 0
1723797339717055800, RV-C7F7, 52.452459943378926, 73.8147646359721, 80, 222, 0, 0, 0, 0, 0, 0, 0, 0, 0
1723797339749603100, SB-41E0, -80.33807277679443, 51.37978196144104, 80, 134, 0, 0, 0, 0, 0, 0, 0, 0, 0
1723797339977156400, RV-C7F7, 44.632330547210586, 67.52051414623566, 80, 222, 0, 0, 0, 0, 0, 0, 0, 0, 0
1723797340211082300, SB-41E0, -80.33414483070374, 51.3738214969635, 80, 134, 0, 0, 0, 0, 0, 0, 0, 0, 0
1723797340257133400, RV-C7F7, 37.765875467630394, 60.27258934009296, 80, 222, 0, 0, 0, 0, 0, 0, 0, 0, 0
1723797340550162400, RV-C7F7, 31.090155250967655, 52.643194807023974, 80, 222, 0, 0, 0, 0, 0, 0, 0, 0, 0
1723797340672091500, SB-41E0, -80.33027052879333, 51.36815905570984, 80, 134, 0, 0, 0, 0, 0, 0, 0, 0, 0
1723797340831326700, RV-C7F7, 27.84766257445881, 49.01923240358883, 80, 222, 0, 0, 0, 0, 0, 0, 0, 0, 0
1723797341111683100, RV-C7F7, 21.171942358159868, 41.38983787070174, 80, 222, 0, 0, 0, 0, 0, 0, 0, 0, 0
1723797341143964500, SB-41E0, -80.32694458961487, 51.363933086395264, 80, 134, 0, 0, 0, 0, 0, 0, 0, 0, 0
1723797341425825200, RV-C7F7, 14.686957005324075, 33.951178200914, 80, 222, 0.040167355183834276, -1.1502425567491132, -0.95011630657973, 0.1740951835326996, 0, 0, 1, 1, 0
1723797341797987000, SB-41E0, -80.32249212265015, 51.35767459869385, 80, 134, 0.02987315222092228, 0.02935626492813867, 0.8814299404803023, -0.24845156067567586, 0, 0, 1, 1, 0
1723797341797987000, RV-C7F7, 7.820501925380086, 26.51251853112626, 80, 317, 0.02987315222092228, 0.02935626492813867, -0.8814299404803023, 0.24845156067567586, 0, 0, 1, 1, 0
1723797342079391900, RV-C7F7, -0.6671994926364277, 21.553412084722368, 80, 317, 0.03948427324533789, 0.03948427324533789, -0.7965342104416777, 0.29801896209573897, 0, 0, 1, 1, 0
1723797342281618800, SB-41E0, -80.32647967338562, 51.373207569122314, 80, 133, 0.03948427324533789, 0.03948427324533789, 0.7489090859762655, -0.288661211676299, 0, 0, 1, 1, 0
1723797342385310200, RV-C7F7, -9.822472932319215, 24.986639624512463, 80, 317, 0.048917172331916774, 0.049778476208249954, -0.7050374448062939, 0.2638708054455492, 0, 0, 1, 1, 0
1723797342665295600, RV-C7F7, -17.451867465206305, 31.280890114612703, 80, 317, 0.048917172331916774, 0.049778476208249954, -0.6287355124550231, 0.2009200751035678, 0, 0, 1, 1, 0
1723797342888704000, SB-41E0, -80.32422065734863, 51.37197971343994, 80, 132, 0.048917172331916774, 0.049778476208249954, 0.5943912565235223, -0.16467127195755893, 0, 0, 1, 1, 0
1723797342957434500, RV-C7F7, -24.41368997660902, 38.528814920755394, 80, 317, 0.05816897612821911, 0.0602357381029308, -0.5590969025524828, 0.12842085948614113, 0, 0, 1, 1, 0
1723797343261320800, RV-C7F7, -31.184777624730486, 45.967474590543134, 80, 317, 0.05816897612821911, 0.0602357381029308, -0.49138256900187116, 0.05403658736940997, 0, 0, 1, 1, 0
1723797343361577000, SB-41E0, -80.32864332199097, 51.387280225753784, 80, 131, 0.05816897612821911, 0.0602357381029308, 0.4914386569726048, -0.054198056352106505, 0, 0, 1, 1, 0
1723797343542024900, RV-C7F7, -34.42727030123933, 49.59143699379638, 80, 317, 0.06723686644518381, 0.07085287354610507, -0.4590325056706206, 0.018001824500970542, 0, 0, 1, 1, 0
1723797343812437500, RV-C7F7, -41.29372538100142, 57.03009666322032, 80, 317, 0.06723686644518381, 0.07085287354610507, -0.39000913491145184, -0.05780544890149031, 0, 0, 1, 1, 0
1723797343845853100, SB-41E0, -80.2946388721466, 51.24955177307129, 80, 130, 0.06723686644518381, 0.07085287354610507, 0.39000913491145184, 0.05780544890149031, 0, 0, 1, 1, 0
1723797344116092800, RV-C7F7, -48.16018046076351, 64.27802146972681, 80, 317, 0.0761180811155782, 0.08162664845546673, -0.3215159474675602, -0.13181510582580813, 0, 0, 1, 1, 0
1723797344329363000, SB-41E0, -80.30423521995544, 50.964099168777466, 80, 129, 0.07611808111557813, -1.0885392741352065, 0.2880619465122436, 0.16937884704384487, 0, 0, 1, 1, 0
1723797344499002500, RV-C7F7, -54.835900677062455, 71.71668113951455, 80, 223, 0.07611808111557813, -1.0885392741352065, -0.2547494469799858, -0.2077082695250283, 0, 0, 1, 1, 0
1723797344781464400, RV-C7F7, -63.70507182164147, 76.29431785935594, 80, 223, 0.07611808111557813, -1.0885392741352065, -0.1661112009005592, -0.2538399996155931, 0, 0, 1, 1, 0
1723797344959094200, SB-41E0, -80.31834363937378, 50.897216796875, 80, 129, 1.1673154572155755, -1.088539274135206, 0.11844900234427769, 0.24252691882429644, 0, 0, 1, 1, 0
1723797345175253900, RV-C7F7, -76.29357280129625, 69.2371279161307, 80, 137, 1.1760072909353765, -1.0776121415558628, -0.04026058298404678, -0.18352547303948086, 0.02013029149202339, 0.09176273651974043, 1, 1, 1
1723797345442721100, SB-41E0, -80.28826713562012, 50.761479139328, 80, 128, 1.1861352992525753, -1.0680010205314476, 0.021827131327881943, 0.13707277193680056, -0.010913565663940972, -0.06853638596840028, 1, 1, 1
1723797345454842400, RV-C7F7, -78.10555400283192, 64.46875633300806, 80, 136, 1.1861352992525753, -1.0680010205314476, -0.021827131327881943, -0.13707277193680056, 0.010913565663940972, 0.06853638596840028, 1, 1, 1
1723797345727021500, RV-C7F7, -74.9584287579637, 55.31348289332527, 80, 135, 1.1960940278346157, -1.0582146052097645, -0.05350479466142133, -0.045940905936731724, 0.026752397330710664, 0.022970452968365862, 1, 1, 1
1723797345926779800, SB-41E0, -80.30984997749329, 50.7053017616272, 80, 128, 1.2058804431562984, -1.0482558766277246, 0.08117076737653406, 0.00602749002064229, -0.04058538368826703, -0.003013745010321145, 1, 1, 1
1723797346028648000, RV-C7F7, -68.85491313150851, 47.49335349715693, 80, 134, 1.2058804431562984, -1.0482558766277246, -0.11455747469153721, 0.03201666463246511, 0.057278737345768604, -0.016008332316232554, 1, 1, 1
1723797346298774000, RV-C7F7, -61.702355756824545, 40.43616355429549, 80, 133, 1.215491564180714, -1.0381278683105253, -0.18609032020503946, 0.1024282871712785, 0.09304516010251973, -0.05121414358563925, 1, 1, 1
1723797346410427200, SB-41E0, -80.3005576133728, 50.65290927886963, 80, 128, 1.2249244632672929, -1.0278336653476132, 0.18598201856548258, -0.10216745724574139, -0.09299100928274129, 0.051083728622870694, 1, 1, 1
1723797346580680400, RV-C7F7, -57.983025921930675, 37.002936014141596, 80, 132, 1.2249244632672929, -1.0278336653476132, -0.2231752573097765, 0.13645443311725103, 0, 0, 1, 1, 0
1723797346884190800, RV-C7F7, -50.544366252142936, 30.327215797842655, 80, 131, 1.2341762670635954, -1.0173764034529325, -0.2975691257743165, 0.2031800448185095, 0, 0, 1, 1, 0
1723797346972811200, SB-41E0, -80.3020715713501, 50.64253211021423, 80, 128, 1.2341762670635954, -1.0173764034529325, 0.3366777001720038, -0.23557808988880424, 0, 0, 1, 1, 0
1723797347266271200, RV-C7F7, -39.004907021080726, 20.790472631597368, 80, 49, 1.2341762670635954, 0.032318042931879204, -0.41298994412863976, 0.298479109953405, 0, 0, 1, 1, 0
1723797347456572500, SB-41E0, -80.30471205711365, 50.63654184341431, 80, 128, 1.2341762670635954, 0.032318042931879204, 0.46258911482436815, -0.31371948118430737, 0, 0, 1, 1, 0
1723797347536095400, RV-C7F7, -34.04580057467683, 19.26459372498357, 80, 49, 1.2426760722160517, 0.0433952046707671, -0.46258911482436815, 0.31371948118430737, 0, 0, 1, 1, 0
1723797347840453500, RV-C7F7, -24.79515970317152, 22.316351538211165, 80, 49, 1.2426760722160517, 0.0433952046707671, -0.5551135241421434, 0.2831467687556142, 0, 0, 1, 1, 0
1723797347996301100, SB-41E0, -80.30697107315063, 50.629258155822754, 80, 127, 1.2426760722160517, 0.0433952046707671, 0.5970797836307611, -0.2545188366766524, 0, 0, 1, 1, 0
1723797348123804100, RV-C7F7, -16.688928011899407, 28.03839743774006, 80, 49, 1.2509812596781757, 0.054619021358427416, -0.6361804306125123, 0.22590860718082695, 0, 0, 1, 1, 0
1723797348391620200, RV-C7F7, -8.964166047371691, 34.7141176544028, 80, 49, 1.2509812596781757, 0.054619021358427416, -0.7134388386984938, 0.1591222583429044, 0, 0, 1, 1, 0
1723797348537604600, SB-41E0, -80.30858039855957, 50.62512755393982, 80, 126, 1.2509812596781757, 0.054619021358427416, 0.7134441435118788, -0.1591100989953702, 0, 0, 1, 1, 0
1723797348696057900, RV-C7F7, -1.6208738092245767, 41.38983787070174, 80, 49, 1.259089299609411, 0.06598607411156891, -0.7868809401952603, 0.09233847250834515, 0, 0, 1, 1, 0
1723797348975940800, RV-C7F7, 2.098456025487394, 44.632330547210586, 80, 49, 1.259089299609411, 0.06598607411156891, -0.8240794241464755, 0.05988302816513169, 0, 0, 1, 1, 0
1723797349088909400, SB-41E0, -80.30948638916016, 50.620633363723755, 80, 125, 1.259089299609411, 0.06598607411156891, 0.8622263968136394, -0.027458101400043233, 0, 0, 1, 1, 0
1723797349247869000, RV-C7F7, 9.727850558556383, 51.308050763691426, 80, 49, 1.266997722222251, 0.07749290041580849, -0.900376647732628, -0.0068857373007631395, 0, 0, 1, 1, 0
1723797349550871300, RV-C7F7, 17.166510228162224, 57.79303611670912, 80, 49, 1.266997722222251, 0.07749290041580849, -0.9747684300327819, -0.07176122082819347, 0, 0, 1, 1, 0
1723797349618063200, SB-41E0, -80.31033277511597, 50.61691403388977, 80, 124, 1.266997722222251, 0.07749290041580849, 0.9747684300327819, 0.07176122082819347, 0, 0, 1, 1, 0
1723797349820338400, RV-C7F7, 24.986639624512463, 64.46875633300806, 80, 49, 0, 0, 0, 0, 0, 0, 0, 0, 0
1723797350101193200, RV-C7F7, 28.801336891228857, 67.7112490095169, 80, 49, 0, 0, 0, 0, 0, 0, 0, 0, 0
1723797350168767900, SB-41E0, -80.3099274635315, 50.60989260673523, 80, 123, 0, 0, 0, 0, 0, 0, 0, 0, 0
1723797350506887400, RV-C7F7, 40.05469382736919, 77.43872703940724, 80, 131, 0, 0, 0, 0, 0, 0, 0, 0, 0
1723797350652207100, SB-41E0, -80.3088903427124, 50.603532791137695, 80, 123, 0, 0, 0, 0, 0, 0, 0, 0, 0
1723797350776039100, RV-C7F7, 49.59143699379638, 79.34607567258354, 80, 131, 0, 0, 0, 0, 0, 0, 0, 0, 0
1723797351046601000, RV-C7F7, 54.16907371363777, 77.43872703940724, 80, 131, 0, 0, 0, 0, 0, 0, 0, 0, 0
1723797351215591800, SB-41E0, -80.30774593353271, 50.596052408218384, 80, 123, 0, 0, 0, 0, 0, 0, 0, 0, 0
1723797351339047900, RV-C7F7, 62.37067283655051, 71.9074160027958, 80, 131, 0, 0, 0, 0, 0, 0, 0, 0, 0
1723797351710676200, RV-C7F7, 70.0000673696195, 65.42243064977811, 80, 229, 0, 0, 0, 0, 0, 0, 0, 0, 0
1723797351743271500, SB-41E0, -80.30781745910645, 50.59272050857544, 80, 123, 0, 0, 0, 0, 0, 0, 0, 0, 0
1723797351992000800, RV-C7F7, 75.14990867930464, 57.22083152686537, 80, 229, 0, 0, 0, 0, 0, 0, 0, 0, 0
1723797352238566900, SB-41E0, -80.30651211738586, 50.58700442314148, 80, 123, 0, 0, 0, 0, 0, 0, 0, 0, 0
1723797352296043000, RV-C7F7, 71.5259462762333, 48.06555808718258, 80, 229, 0, 0, 0, 0, 0, 0, 0, 0, 0
1723797352576788400, RV-C7F7, 64.65949119628931, 40.62689841757674, 80, 229, 0, 0, 0, 0, 0, 0, 0, 0, 0
1723797352688361200, SB-41E0, -80.30571937561035, 50.58238506317139, 80, 123, 0, 0, 0, 0, 0, 0, 0, 0, 0
1723797352847174100, RV-C7F7, 61.22626365649921, 37.384405741067894, 80, 229, 0, 0, 0, 0, 0, 0, 0, 0, 0
1723797353127637000, RV-C7F7, 53.596869123430224, 30.708685524405155, 80, 229, 0, 0, 0, 0, 0, 0, 0, 0, 0
1723797353160792800, SB-41E0, -80.30052185058594, 50.56965947151184, 80, 123, 0, 0, 0, 0, 0, 0, 0, 0, 0
1723797353511145600, RV-C7F7, 41.96204246090929, 21.171942358159868, 80, 311, 0, 0, 0, 0, 0, 0, 0, 0, 0
1723797353623378500, SB-41E0, -80.30417561531067, 50.57411789894104, 80, 123, 0, 0, 0, 0, 0, 0, 0, 0, 0
1723797353804176800, RV-C7F7, 37.193670877422846, 19.64606345154607, 80, 311, 0, 0, 0, 0, 0, 0, 0, 0, 0
1723797354095788400, RV-C7F7, 27.84766257445881, 22.507086401492415, 80, 311, 0, 0, 0, 0, 0, 0, 0, 0, 0
