1726630610852782500, SB-41E0, -27.392841561324435, 49.26046300992444, 0.020858726025392654, 160
1726630611376905300, SB-8427, -27.39280212090902, 49.2600556382164, 0.020858726025392654, 160, 0, 0, 0, 0, 0, 0, 0, 0, 0
1726630611919444600, SB-41E0, -27.39244729034425, 49.26224987894523, 5.117881492883846, 160
1726630612439643100, SB-8427, -27.392757845342828, 49.26201666510646, 5.117881492883846, 160, 0, 0, 0, 0, 0, 0, 0, 0, 0
1726630613064832600, SB-41E0, -27.39322833906716, 49.260461557726, 4.245042040403883, 160
1726630613585883400, SB-8427, -27.392832384573467, 49.26118322017648, 4.245042040403883, 160, 0, 0, 0, 0, 0, 0, 0, 0, 0
1726630614123640400, SB-41E0, -27.393068295803136, 49.26248289145695, 1.3807391025128206, 160
1726630614668001700, SB-8427, -27.392832728441086, 49.26239419242966, 1.3807391025128206, 160, 0, 0, 0, 0, 0, 0, 0, 0, 0
1726630615196380700, SB-41E0, -27.393706685023012, 49.261792018894, 0.4690667768937644, 160
1726630615724059200, SB-8427, -27.3891429899228, 49.26071530197709, 0.4690667768937644, 160, 0, 0, 0, 0, 0, 0, 0, 0, 0
1726630616248992100, SB-41E0, -27.39185301262959, 49.26284195151707, 0.2583540514402315, 160
1726630616769938100, SB-8427, -27.39125168644307, 49.26200572974606, 0.2583540514402315, 160, 0, 0, 0, 0, 0, 0, 0, 0, 0
1726630617399278300, SB-41E0, -27.393579293816725, 49.262575818178625, 0.1881832575565296, 160
1726630617917863700, SB-8427, -27.392450711978746, 49.26179616016135, 0.1881832575565296, 160, 0, 0, 0, 0, 0, 0, 0, 0, 0
1726630618444013200, SB-41E0, -27.390132277977415, 49.26215242953829, 0.10763924178848416, 160
1726630618955960800, SB-8427, -27.391815863807373, 49.261639286661925, 0.10763924178848416, 160, 0, 0, 0, 0, 0, 0, 0, 0, 0
1726630619483697500, SB-41E0, -27.39319487017359, 49.26327319157236, 0.12367864656658514, 160
1726630620004077200, SB-8427, -27.391788802904905, 49.263793842031575, 0.12367864656658514, 160, 0, 0, 0, 0, 0, 0, 0, 0, 0
1726630620534255000, SB-41E0, -27.393890208795966, 49.26104864322657, 0.05925359499898787, 160
1726630621056189300, SB-8427, -27.392751560929913, 49.26012231427832, 0.05925359499898787, 160, 0, 0, 0, 0, 0, 0, 0, 0, 0
1726630621686713400, SB-41E0, -27.393055513045816, 49.26146780752157, 0.018164200785730007, 160
1726630622767944000, SB-CE32, 0.0, 0.0, 0.07896074375864344, 182
1726630622205861500, SB-8427, -27.39239687989496, 49.26072875572454, 0.018164200785730007, 160, -0.000396875199452751, -0.000767458776559593, 0, 0, 0, 0, 1, 0, 0
1726630623032635600, SB-41E0, -27.485218932689246, 49.5257772277234, 0.09469600407446385, 161
1726630623299933800, SB-41E0, 0.0, 0.0, 0.07896074375864344, 182, 0.006301414307070984, -0.00475115042394414, -20.518535445934177, 36.96763234806376, 0, 0, 1, 1, 0
1726630623548901200, SB-8427, -27.502990965616345, 49.52435120908409, 0.09469600407446385, 161, -0.010829428830550825, 0.0006491005662638834, 20.74021544284679, -37.31279844071399, 0, 0, 1, 1, 0
1726630624302895800, SB-CE32, 0.0, 0.0, 53.57759328571931, 331
1726630624383964000, SB-41E0, -27.351876354440073, 49.255646203474654, 0.22968208062406525, 150
1726630624823539800, SB-41E0, 0.0, 0.0, 53.57759328571931, 331, 25.770662932842185, 6.3606978267225704, -10.897171438342305, 77.01586562367352, 0, 0, 1, 1, 0
1726630624897663800, SB-8427, -27.36732066650355, 49.28561930461321, 0.22968208062406525, 150, -24.03093583453628, -7.762869703561314, 20.01195281173175, -34.54985582072012, 0, 0, 1, 1, 0
1726630625729446000, SB-41E0, -33.76139413765863, 59.75680691541362, 64.96007819690975, 186
1726630625849863300, SB-CE32, 16.370562026808905, 45.32832097983547, 223.6404174747741, 356
1726630626236812200, SB-8427, -33.842830225088846, 59.816760779332796, 64.96007819690975, 186, 2.6213610364638953, -1.8159199473226244, 35.39709383892456, -6.935276110022709, 0, 0, 1, 1, 0
1726630626366991600, SB-41E0, 16.442275871146716, 45.15986454131891, 223.6404174747741, 356, 2.9942286759372037, -2.0747514407268914, -41.45705528373004, 16.96238846935873, 0, 0, 1, 1, 0
1726630627056616700, SB-41E0, -46.18298684021723, 101.67260302751153, 329.46751831702466, 156
1726630627390972200, SB-CE32, 16.07491400262486, 21.403635161288456, 346.6072248402194, 348
1726630627577213800, SB-8427, -46.22496550023249, 102.06248194423587, 329.46751831702466, 156, 0, 0, 0, 0, 0, 0, 0, 0, 0
1726630628181961200, SB-41E0, -58.337244617588816, 145.67589902847047, 375.9815315670068, 156
1726630627905965300, SB-41E0, 16.190736228927445, 21.088147770390957, 346.6072248402194, 348, 0, 0, 0, 0, 0, 0, 0, 0, 0
1726630628874076900, SB-CE32, 38.13648354079442, -30.01600948553709, 357.8023588126125, 348
1726630628696238100, SB-8427, -58.31694766209679, 145.9862166497699, 375.9815315670068, 156, 0, 0, 0, 0, 0, 0, 0, 0, 0
1726630629467620100, SB-41E0, -72.49272528067368, 191.67511793182706, 346.0859576979344, 24
1726630629386835300, SB-41E0, 38.26328851674437, -30.46825542291966, 357.8023588126125, 348, 0, 0, 0, 0, 0, 0, 0, 0, 0
1726630630157467400, SB-CE32, 56.265164161673134, -55.222916557431276, 259.54193217191056, 348
1726630629987852200, SB-8427, -72.62020913805216, 192.04755137829568, 346.0859576979344, 24, 0, 0, 0, 0, 0, 0, 0, 0, 0
1726630630649344400, SB-41E0, -85.97024483626063, 228.72808218991486, 177.58899639290146, 156
1726630630676618800, SB-41E0, 56.34984924640071, -55.14864636238872, 259.54193217191056, 348, 0, 0, 0, 0, 0, 0, 0, 0, 0
1726630631406966800, SB-CE32, 71.19584389324395, -45.460100738797024, 5.660307388348765, 348
1726630631171323200, SB-8427, -85.95449299444837, 228.75191799330787, 177.58899639290146, 156, 0, 0, 0, 0, 0, 0, 0, 0, 0
1726630631830894400, SB-41E0, -85.94396794810191, 228.7458246967738, 233.7318683185941, 24
1726630631926299500, SB-41E0, 71.44047148760473, -45.61086660386223, 5.660307388348765, 348, 0, 0, 0, 0, 0, 0, 0, 0, 0
1726630632350469100, SB-8427, -85.94430103776803, 228.74367409681886, 233.7318683185941, 24, 0, 0, 0, 0, 0, 0, 0, 0, 0
1726630632864884500, SB-CE32, 81.89934069599478, -43.36728180590163, 0.3067730598394801, 348
1726630633087382800, SB-41E0, -85.95006484547304, 228.73954030687165, 342.80022696638156, 156
1726630633386894100, SB-41E0, 81.99593551581395, -43.09286751389414, 0.3067730598394801, 348, 0, 0, 0, 0, 0, 0, 0, 0, 0
1726630633609890000, SB-8427, -85.95002500041957, 228.74409925022655, 342.80022696638156, 156, 0, 0, 0, 0, 0, 0, 0, 0, 0
1726630634186340600, SB-CE32, 94.95165501615564, -33.204792897436235, 0.3103190755260689, 348
1726630634258130600, SB-41E0, -85.95349328159857, 228.74098827812864, 143.21187368249585, 24
1726630634699661600, SB-41E0, 0.0, 0.0, 0.3103190755260689, 348, 0, 0, 0, 0, 0, 0, 0, 0, 0
1726630634780983800, SB-8427, -85.95056138604406, 228.73702014466062, 143.21187368249585, 24, 0, 0, 0, 0, 0, 0, 0, 0, 0
1726630635212255700, SB-CE32, 98.78312845735783, -27.693804633871828, 0.12281027688530365, 348
1726630635553791500, SB-41E0, -85.9462585922107, 228.72891568448554, 227.08475022369913, 156
1726630635735030000, SB-41E0, 98.90177133590248, -27.41032866606883, 0.12281027688530365, 348, 0, 0, 0, 0, 0, 0, 0, 0, 0
1726630636068298300, SB-8427, -85.94814350268891, 228.74253560527868, 227.08475022369913, 156, 0, 0, 0, 0, 0, 0, 0, 0, 0
1726630636469834500, SB-CE32, 114.94937741306717, -12.637888103324128, 0.17197297107563542, 348
1726630636732730000, SB-41E0, -85.95280955251032, 228.74311413261503, 181.45579174084122, 24
1726630636989118500, SB-41E0, 115.10325348021863, -12.791537549107538, 0.17197297107563542, 348, 0, 0, 0, 0, 0, 0, 0, 0, 0
1726630637246647900, SB-8427, -85.94621099425005, 228.74215226321877, 181.45579174084122, 24, 0, 0, 0, 0, 0, 0, 0, 0, 0
1726630637902712600, SB-41E0, -85.94312551293739, 228.73369200232491, 160.32990729871162, 156
1726630637990153100, SB-CE32, 132.80885862974452, -9.04447107102935, 0.09555122483581689, 348
1726630638419851700, SB-8427, -85.94966448315422, 228.74316427408826, 160.32990729871162, 156, 0, 0, 0, 0, 0, 0, 0, 0, 0
1726630638509191000, SB-41E0, 132.95631716748377, -8.706395315271825, 0.09555122483581689, 348, 0, 0, 0, 0, 0, 0, 0, 0, 0
1726630639173435400, SB-41E0, -85.94940571919032, 228.7425108480521, 226.9962198568548, 24
1726630639300630000, SB-CE32, 149.1699356339946, -24.502985928667883, 0.0653229234686028, 348
1726630639694322300, SB-8427, -85.94761055483363, 228.74299637895746, 226.9962198568548, 24, 0, 0, 0, 0, 0, 0, 0, 0, 0
1726630639818227900, SB-41E0, 149.2515824547381, -24.742293173030188, 0.0653229234686028, 348, 0, 0, 0, 0, 0, 0, 0, 0, 0
1726630640344173700, SB-41E0, -85.94976223379237, 228.73442660717265, 328.1691302886047, 156
1726630640912027300, SB-CE32, 163.77303541613963, -1.3921554930925057, 0.22051192897081354, 12
1726630640856919500, SB-8427, -85.94373575990383, 228.73453582396127, 328.1691302886047, 156, 0, 0, 0, 0, 0, 0, 0, 0, 0
1726630641637507000, SB-41E0, -85.95511050422382, 228.73819446915724, 275.909813468259, 24
1726630641448193400, SB-41E0, 164.1014837146647, -1.7576291555501053, 0.22051192897081354, 12, 0, 0, 0, 0, 0, 0, 0, 0, 0
1726630642335739600, SB-CE32, 181.21530141321153, -22.625773638652994, 0.2888583825691907, 348
1726630642157686600, SB-8427, -85.95654604583886, 228.7387850842537, 275.909813468259, 24, 0, 0, 0, 0, 0, 0, 0, 0, 0
1726630642822082300, SB-41E0, -85.94887966774768, 228.7360848161631, 164.87534905117897, 156
1726630642857195600, SB-41E0, 181.31293502978804, -22.589729607353174, 0.2888583825691907, 348, 0, 0, 0, 0, 0, 0, 0, 0, 0
1726630643338869600, SB-8427, -85.95064000543569, 228.73813816632068, 164.87534905117897, 156, 0, 0, 0, 0, 0, 0, 0, 0, 0
1726630644016698800, SB-CE32, 204.06827506792158, -22.80515896949973, 0.14839003538816337, 12
1726630644029800700, SB-41E0, -85.95405634726822, 228.73999750404437, 187.0128587238483, 24
1726630644546781800, SB-41E0, 204.22661924349697, -23.388765835284218, 0.14839003538816337, 12, 0, 0, 0, 0, 0, 0, 0, 0, 0
1726630644591113700, SB-8427, -85.95510980939278, 228.74050714884294, 85.07850266120393, 24, 0, 0, 0, 0, 0, 0, 0, 0, 0
1726630645294038600, SB-41E0, -85.95544629378342, 228.74611335284695, 181.1941371936586, 156
1726630645544412000, SB-CE32, 0.0, 0.0, 0.6772050030919821, 348
1726630645808067300, SB-8427, -85.9487338447612, 228.73920681101018, 181.1941371936586, 156, 0, 0, 0, 0, 0, 0, 0, 0, 0
1726630646062445800, SB-41E0, 0.0, 0.0, 0.6772050030919821, 348, 0, 0, 0, 0, 0, 0, 0, 0, 0
1726630646481627700, SB-41E0, -85.94411024916572, 228.75065935732204, 303.009309432947, 24
1726630646789117600, SB-CE32, 232.41613148210536, -24.966530743934882, 2.3610402501174415, 12
1726630646999429900, SB-8427, -85.9444990222766, 228.75325010160267, 303.009309432947, 24, 0, 0, 0, 0, 0, 0, 0, 0, 0
1726630647308429400, SB-41E0, 232.52687601526185, -25.005029704112467, 2.3610402501174415, 12, 0, 0, 0, 0, 0, 0, 0, 0, 0
1726630647843341900, SB-41E0, -85.93862740824486, 228.7610941252107, 123.11833156996516, 156
1726630647857394200, SB-CE32, 248.3414617149311, -9.523896389792416, 0.2851677548426916, 12
1726630648377757700, SB-8427, -85.93293900021791, 228.7483783436613, 123.11833156996516, 156, 0, 0, 0, 0, 0, 0, 0, 0, 0
1726630648426809600, SB-41E0, 0.0, 0.0, 0.2851677548426916, 12, 0, 0, 0, 0, 0, 0, 0, 0, 0
1726630649078772700, SB-41E0, -85.94044796849076, 228.7508098590481, 126.08170645571194, 24
1726630649399534100, SB-CE32, 0.0, 0.0, 0.6379187738553465, 12
1726630649601413400, SB-8427, -85.9478178893917, 228.75588665225155, 126.08170645571194, 24, 0, 0, 0, 0, 0, 0, 0, 0, 0
1726630649926455600, SB-41E0, 0.0, 0.0, 0.6379187738553465, 12, 0, 0, 0, 0, 0, 0, 0, 0, 0
1726630650428722000, SB-41E0, -76.23006717651602, 168.79384369603963, 38.639419088412225, 156
1726630650687736000, SB-CE32, 0.0, 0.0, 181.4842785152626, 12
1726630650942605800, SB-8427, -75.77904113470895, 167.45625227258222, 38.639419088412225, 156, 0, 0, 0, 0, 0, 0, 0, 0, 0
1726630651544400300, SB-41E0, -53.10922044669877, 77.1792610040562, 113.57731004812082, 156
1726630651214120100, SB-41E0, 0.0, 0.0, 181.4842785152626, 12, 0, 0, 0, 0, 0, 0, 0, 0, 0
1726630652363551000, SB-CE32, 264.5093808280185, -27.504667845223388, 95.71808207199464, 348
1726630652073118500, SB-8427, -53.22434459860849, 76.88388445845628, 113.57731004812082, 156, 0, 0, 0, 0, 0, 0, 0, 0, 0
1726630652663901400, SB-41E0, -53.366677165744804, 79.79871061899664, 2.314032980884368, 156
1726630652877710800, SB-41E0, 264.5270484035103, -27.542190513635642, 95.71808207199464, 348, 0, 0, 0, 0, 0, 0, 0, 0, 0
1726630653692596400, SB-CE32, 0.0, 0.0, 285.00583546805296, 348
1726630653177755300, SB-8427, -53.376848859026914, 79.82667056051869, 2.314032980884368, 156, 4.0619572857470425, -1.7877521406063412, 37.47434246279491, -52.86900000080604, 0, 0, 1, 1, 0
1726630654006982400, SB-41E0, -68.2182822745622, 117.71225849617797, 73.2938479342333, 143
1726630654208610900, SB-41E0, 0.0, 0.0, 285.00583546805296, 348, 0, 0, 0, 0, 0, 0, 0, 0, 0
1726630654533356300, SB-8427, -68.31656942797477, 118.11670244298598, 73.2938479342333, 143, 0, 0, 0, 0, 0, 0, 0, 0, 0
1726630655104294900, SB-41E0, -80.64613136859968, 157.3082408195643, 2.6665020480911172, 143
1726630655140733700, SB-CE32, 0.0, 0.0, 364.157004444795, 348
1726630655619689500, SB-8427, -80.71486068124375, 157.67166659781128, 2.6665020480911172, 143, 0, 0, 0, 0, 0, 0, 0, 0, 0
1726630655674673900, SB-41E0, 0.0, 0.0, 364.157004444795, 348, 0, 0, 0, 0, 0, 0, 0, 0, 0
1726630656399316700, SB-41E0, -94.59606720168723, 202.62108359816216, 0.2449033978387535, 37
1726630656448754400, SB-CE32, 0.0, 0.0, 252.2168473844604, 348
1726630656939221000, SB-8427, -94.73295495396454, 202.8191131601737, 0.2449033978387535, 37, 0, 0, 0, 0, 0, 0, 0, 0, 0
1726630656989838000, SB-41E0, 0.0, 0.0, 252.2168473844604, 348, 0, 0, 0, 0, 0, 0, 0, 0, 0
1726630657616317000, SB-41E0, 0.0, 0.0, 27.556192073828324, 143
1726630657750244400, SB-CE32, 0.0, 0.0, 143.27763320713083, 348
1726630658128820800, SB-8427, 0.0, 0.0, 27.556192073828324, 143, -44.78051501919157, 20.956490858114794, 0, 0, 0, 0, 1, 0, 0
1726630658273620100, SB-41E0, 0.0, 0.0, 143.27763320713083, 348, -37.43816154842143, 15.944672629643124, -27.223960966100684, 60.23365849037471, 0, 0, 1, 1, 0
1726630658961167900, SB-41E0, 0.0, 0.0, 39.21213635565134, 268
1726630659273196300, SB-CE32, 0.0, 0.0, 377.1166245496902, 337
1726630659481327100, SB-8427, 0.0, 0.0, 39.21213635565134, 268, 4.517264717220851, -40.11927501072999, 56.297973822146716, -6.582541372210266, 0, 0, 1, 1, 0
1726630660342996400, SB-41E0, 0.0, 0.0, 141.5870393415798, 155
1726630659813739500, SB-41E0, 0.0, 0.0, 377.1166245496902, 337, 0.0, 0.0, 0.0, 0.0, 0.0, 0.0, 1, 1, 1
1726630660816126100, SB-CE32, 0.0, 0.0, 655.4506296843214, 337
1726630660858414100, SB-8427, 0.0, 0.0, 141.5870393415798, 155, 0, 0, 0.0, 0.0, 0.0, 0.0, 0, 1, 1
1726630661499337500, SB-41E0, 0.0, 0.0, 93.80415584383218, 155
1726630661337372600, SB-41E0, 0.0, 0.0, 655.4506296843214, 337, 0, 0, 0, 0, 0, 0, 0, 0, 0
1726630662018583400, SB-8427, 0.0, 0.0, 93.80415584383218, 155, 0, 0, 0, 0, 0, 0, 0, 0, 0
1726630662428903300, SB-CE32, 264.55891421242796, -46.90842789913034, 157.85555307437616, 23
1726630662567085400, SB-41E0, 218.89550209952722, -26.889768530076584, 44.49625272602277, 155
1726630662965521600, SB-41E0, 264.5629662793782, -46.96677332352317, 157.85555307437616, 23, 0, 0, -34.381549215788596, 28.05523515563426, 0, 0, 0, 1, 0
1726630663092625100, SB-8427, 218.9184042834639, -26.291258394149004, 44.49625272602277, 155, 0, 0, 0, 0, 0, 0, 0, 0, 0
1726630663739154300, SB-41E0, 218.27834227428025, 1.403254214794479, 10.13187141594445, 205
1726630663902903300, SB-CE32, 271.8774250554051, -39.50449471417321, 24.92698516748254, 352
1726630664268815900, SB-8427, 218.27876444381664, 1.4026700773664653, 10.13187141594445, 205, 0, 0, 35.88065686074847, -44.13363636015693, 0, 0, 0, 1, 0
1726630664440102800, SB-41E0, 271.9469151089988, -39.4250149858383, 24.92698516748254, 352, 0, 0, 0, 0, 0, 0, 0, 0, 0
1726630664887959200, SB-41E0, 220.31463549059958, -41.67321643641816, 318.5806343682845, 149
1726630665582063800, SB-CE32, 0.0, 0.0, 106.57195883937491, 8
1726630665400502100, SB-8427, 220.21493565483084, -42.19279268529366, 318.5806343682845, 149, 0, 0, 0, 0, 0, 0, 0, 0, 0
1726630666055908500, SB-41E0, 188.25299249841567, -69.61776184896334, 184.44176484693972, 211
1726630666101943700, SB-41E0, 0.0, 0.0, 106.57195883937491, 8, 0, 0, 0, 0, 0, 0, 0, 0, 0
1726630666829132400, SB-CE32, 266.05015771310883, -85.30190601422508, 42.355540761520736, 353
1726630666569906400, SB-8427, 187.9505334472155, -69.59538542655828, 184.44176484693972, 211, -2.061814234040049, -3.5535318128267903, 0, 0, 0, 0, 1, 0, 0
1726630667561045000, SB-41E0, 164.95964531809142, -47.70161235573049, 291.7608593360428, 149
1726630667349666200, SB-41E0, 266.05142601007714, -85.56733593204729, 42.355540761520736, 353, 0, 0, 0, 0, 0, 0, 0, 0, 0
1726630668081701600, SB-8427, 164.86012865186177, -47.433197826701296, 291.7608593360428, 149, 0, 0, 0, 0, 0, 0, 0, 0, 0
1726630668440790800, SB-CE32, 257.8486165543328, -137.63932988418264, 268.0641421489056, 6
1726630668751212600, SB-41E0, 159.13783384217976, -13.932027858671034, 344.0330050478696, 211
1726630668967241100, SB-41E0, 258.02399752537406, -138.0421589978305, 268.0641421489056, 6, 0, 0, 0, 0, 0, 0, 0, 0, 0
1726630669269814600, SB-8427, 159.13931213356892, -13.786326041555153, 344.0330050478696, 211, 0, 0, 0, 0, 0, 0, 0, 0, 0
1726630670003024300, SB-CE32, 251.9411936992094, -188.38141640400642, 222.79049721815068, 186
1726630670028616800, SB-41E0, 159.10836262845868, 11.31422283717029, 375.03764976534825, 149
1726630670521191400, SB-41E0, 0.0, 0.0, 222.79049721815068, 186, 0, 0, 0, 0, 0, 0, 0, 0, 0
1726630670577750600, SB-8427, 159.07635495265643, 11.579156653018924, 375.03764976534825, 149, 0, 0, 0, 0, 0, 0, 0, 0, 0
1726630671253690800, SB-41E0, 154.46790027347086, -6.162446885589221, 358.7362891033539, 211
1726630671555429900, SB-CE32, 0.0, 0.0, 309.9965981911012, 186
1726630671773246300, SB-8427, 154.52896447851722, -6.5792721466470026, 358.7362891033539, 211, 0, 0, 0, 0, 0, 0, 0, 0, 0
1726630672415910700, SB-41E0, 155.5038916370635, -50.49543519364865, 316.94258356920864, 211
1726630672070514000, SB-41E0, 0.0, 0.0, 309.9965981911012, 186, 0, 0, 0, 0, 0, 0, 0, 0, 0
1726630672930298000, SB-CE32, 0.0, 0.0, 339.94392671524275, 186
1726630672948845200, SB-8427, 155.4555421936976, -50.87416328789063, 316.94258356920864, 211, 0, 0, 0, 0, 0, 0, 0, 0, 0
1726630673563806100, SB-41E0, 153.68149373988632, -96.31709140776994, 395.5376517574964, 211
1726630673491017600, SB-41E0, 0.0, 0.0, 339.94392671524275, 186, 0, 0, 0, 0, 0, 0, 0, 0, 0
1726630674260912400, SB-CE32, -119.6229050803767, -85.11422046502142, 399.10711196191926, 186
1726630674094368100, SB-8427, 153.592322454848, -96.79545913710896, 395.5376517574964, 211, 0, 0, 0, 0, 0, 0, 0, 0, 0
1726630674663118300, SB-41E0, 152.06335261453128, -139.08771436545953, 4.732704797408342, 211
1726630674778626000, SB-41E0, -119.46035725943561, -83.02184306057714, 399.10711196191926, 186, 0, 0, 0, 0, 0, 0, 0, 0, 0
1726630675285753000, SB-CE32, 0.0, 0.0, 374.04306288487027, 186
1726630675196499000, SB-8427, 152.03014800059714, -139.485203270396, 4.732704797408342, 211, 0, 0, 0, 0, 0, 0, 0, 0, 0
1726630675879361600, SB-41E0, 151.91548285147485, -184.14261434037812, 39.34152002961368, 329
1726630675800952400, SB-41E0, 0.0, 0.0, 374.04306288487027, 186, 0, 0, 0.0, 0.0, 0.0, 0.0, 0, 1, 1
1726630676400751200, SB-8427, 151.940114873238, -184.6013915799421, 39.34152002961368, 329, 0, 0, 0, 0, 0, 0, 0, 0, 0
1726630676812312600, SB-CE32, 0.0, 0.0, 396.83047340092565, 186
1726630677168077400, SB-41E0, 150.76943624104285, -232.15564452756357, 150.77468010447603, 211
1726630677334218900, SB-41E0, 0.0, 0.0, 396.83047340092565, 186, 0, 0, 0, 0, 0, 0, 0, 0, 0
1726630677692433900, SB-8427, 150.7764665286289, -232.38560413615332, 150.77468010447603, 211, 0, 0, 0, 0, 0, 0, 0, 0, 0
1726630678122417600, SB-CE32, 0.0, 0.0, 260.5952211474793, 186
1726630678262081100, SB-41E0, 0.0, 0.0, 101.61820827138135, 211
1726630678639528900, SB-41E0, 0.0, 0.0, 260.5952211474793, 186, 0.0, 0.0, 0.0, 0.0, 0.0, 0.0, 1, 1, 1
1726630678780746100, SB-8427, 0.0, 0.0, 101.61820827138135, 211, 0.0, 0.0, 0.0, 0.0, 0.0, 0.0, 1, 1, 1
1726630679605797400, SB-41E0, 0.0, 0.0, 62.17943518524571, 211
1726630679809587800, SB-CE32, 0.0, 0.0, 2.862295599267411, 186
1726630680121065000, SB-8427, 0.0, 0.0, 62.17943518524571, 211, 0, 0, 0, 0, 0, 0, 0, 0, 0
1726630680322513400, SB-41E0, 0.0, 0.0, 2.862295599267411, 186, 0, 0, 0, 0, 0, 0, 0, 0, 0
1726630680685521300, SB-41E0, 0.0, 0.0, 5.676110447329307, 211
1726630681119994400, SB-CE32, 141.25212468188607, -187.88990581987755, 2.790139258699419, 186
1726630681640551000, SB-41E0, 141.14923342345608, -187.94941693662435, 2.790139258699419, 186, 0, 0, 0, 0, 0, 0, 0, 0, 0
1726630681201396400, SB-8427, 0.0, 0.0, 5.676110447329307, 211, 0.0, 0.0, 0, 0, 0, 0, 1, 0, 0
1726630682041061000, SB-41E0, 0.0, 0.0, 6.421796618580502, 211
1726630682134033400, SB-CE32, 142.45314929786448, -195.01500371849443, 164.3801039469906, 186
1726630682651945400, SB-41E0, 142.4514377497836, -194.93936511898977, 164.3801039469906, 186, 0, 0, 0, 0, 0, 0, 0, 0, 0
1726630682560178600, SB-8427, 0.0, 0.0, 6.421796618580502, 211, 0, 0, 0, 0, 0, 0, 0, 0, 0
1726630683166091000, SB-CE32, 0.0, 0.0, 46.22576305222263, 186
1726630683188032500, SB-41E0, 0.0, 0.0, 370.663614137026, 211
1726630683680315900, SB-41E0, 0.0, 0.0, 46.22576305222263, 186, 0.0, 0.0, 0.0, 0.0, 0.0, 0.0, 1, 1, 1
1726630683734566800, SB-8427, 0.0, 0.0, 370.663614137026, 211, 0.0, 0.0, 0.0, 0.0, 0.0, 0.0, 1, 1, 1
1726630684596498900, SB-41E0, 0.0, 0.0, 39.093423317570185, 211
1726630684782899400, SB-CE32, 0.0, 0.0, 12.44555300606075, 186
1726630685130094900, SB-8427, 0.0, 0.0, 39.093423317570185, 211, 0, 0, 0, 0, 0, 0, 0, 0, 0
1726630685795413600, SB-41E0, 0.0, 0.0, 30.30268336195673, 211
1726630685301033400, SB-41E0, 0.0, 0.0, 12.44555300606075, 186, 0.0, 0.0, 0.0, 0.0, 0.0, 0.0, 1, 1, 1
1726630686525434500, SB-CE32, 0.0, 0.0, 102.42954915178197, 186
1726630686313936200, SB-8427, 0.0, 0.0, 30.30268336195673, 211, 0.0, 0.0, 0.0, 0.0, 0.0, 0.0, 1, 1, 1
1726630687139967700, SB-41E0, 0.0, 0.0, 40.110912493021075, 211
1726630687043359600, SB-41E0, 0.0, 0.0, 102.42954915178197, 186, 0.0, 0.0, 0.0, 0.0, 0.0, 0.0, 1, 1, 1
1726630688065461300, SB-CE32, 0.0, 0.0, 20.602123868777333, 186
1726630687659662600, SB-8427, 0.0, 0.0, 40.110912493021075, 211, 0.0, 0.0, 0.0, 0.0, 0.0, 0.0, 1, 1, 1
1726630688488860100, SB-41E0, 0.0, 0.0, 109.17601121462926, 211
1726630688580753800, SB-41E0, 0.0, 0.0, 20.602123868777333, 186, 0.0, 0.0, 0.0, 0.0, 0.0, 0.0, 1, 1, 1
1726630689013948700, SB-8427, 0.0, 0.0, 109.17601121462926, 211, 0.0, 0.0, 0.0, 0.0, 0.0, 0.0, 1, 1, 1
1726630689716212300, SB-CE32, 0.0, 0.0, 32.324837903762464, 186
1726630689836578300, SB-41E0, 0.0, 0.0, 20.077478117588846, 211
1726630690241614300, SB-41E0, 0.0, 0.0, 32.324837903762464, 186, 0.0, 0.0, 0.0, 0.0, 0.0, 0.0, 1, 1, 1
1726630690353984700, SB-8427, 0.0, 0.0, 20.077478117588846, 211, 0.0, 0.0, 0.0, 0.0, 0.0, 0.0, 1, 1, 1
1726630691182300200, SB-41E0, 0.0, 0.0, 22.89400386014295, 211
1726630691233720100, SB-CE32, 0.0, 0.0, 37.73557710850255, 186
1726630691700370300, SB-8427, 0.0, 0.0, 22.89400386014295, 211, 0.0, 0.0, 0.0, 0.0, 0.0, 0.0, 1, 1, 1
1726630691768986800, SB-41E0, 0.0, 0.0, 37.73557710850255, 186, 0.0, 0.0, 0.0, 0.0, 0.0, 0.0, 1, 1, 1
1726630692530685200, SB-41E0, 0.0, 0.0, 2.235478623577825, 211
1726630692847708500, SB-CE32, 0.0, 0.0, 1.4425829930167007, 186
1726630693050600000, SB-8427, 0.0, 0.0, 2.235478623577825, 211, 0.0, 0.0, 0.0, 0.0, 0.0, 0.0, 1, 1, 1
1726630693928483900, SB-41E0, 0.0, 0.0, 0.2967771280713184, 211
1726630693373765300, SB-41E0, 0.0, 0.0, 1.4425829930167007, 186, 0.0, 0.0, 0.0, 0.0, 0.0, 0.0, 1, 1, 1
1726630694444817100, SB-8427, 0.0, 0.0, 0.2967771280713184, 211, -124.81670294578028, -45.8979218128678, 0.0, 0.0, 0.0, 0.0, 1, 1, 1
