1727226414108467100, SB-8427, 39.71658296001071, 82.19955745161893, 0.2026606801363639, 0, 0, 0, 0, 0, 0, 0, 0, 0, 0
1727226414837579300, SB-8427, 39.71950225807838, 82.19931898235333, 2.8363449852522966, 0, 0, 0, 0, 0, 0, 0, 0, 0, 0
1727226415747572600, SB-8427, 39.71819737743941, 82.19887847246925, 42.58442960848753, 0, 0, 0, 0, 0, 0, 0, 0, 0, 0
1727226416650302300, SB-8427, 39.71497704285037, 82.19779352217601, 141.25543464446363, 0, 0, 0, 0, 0, 0, 0, 0, 0, 0
1727226417616349800, SB-8427, 39.715055496428604, 82.198632531071, 195.51081420623302, 0, 0, 0, 0, 0, 0, 0, 0, 0, 0
1727226418571913800, SB-8427, 39.719920468586295, 82.19554165844413, 286.8926977480866, 0, 0, 0, 0, 0, 0, 0, 0, 0, 0
1727226419689302700, SB-8427, 39.72305096846704, 82.19896322198278, 346.7288038346127, 180, 0, 0, 0, 0, 0, 0, 0, 0, 0
1727226420268388400, SB-CE32, -32.67367235100421, 217.26238786498993, 8.824687544614896, 0, 0, 0, 0, 0, 0, 0, 0, 0, 0
1727226420630820800, SB-8427, 39.738895868303025, 82.15779134149099, 322.7677943145938, 180, 0, 0, 0, 0, 0, 0, 0, 0, 0
1727226421028992300, SB-CE32, -32.45160979856829, 207.65140131718113, 8.423957975959182, 0, 0, 0, 0, 0, 0, 0, 0, 0, 0
1727226421596550600, SB-8427, 39.65744563871121, 82.2478093869457, 345.8024315760214, 180, 0, 0, 0, 0, 0, 0, 0, 0, 0
1727226421817748200, SB-CE32, -32.610380315991975, 177.80740057960716, 60.688201478968374, 0, 0, 0, 0, 0, 0, 0, 0, 0, 0
1727226422200240900, rvr4, -19.907466769802532, 39.82054677809772, 0, 0, 0, 0, 7.295421592853767, 8.752606597563377, 0, 0, 0, 1, 0
1727226422618802000, SB-CE32, -32.74850738993947, 147.88564152734813, 245.84457253595224, 0, 0, 0, 8.35504898100593, -9.030486947329697, 0, 0, 0, 1, 0
1727226422663849700, SB-8427, 30.17469254590491, 96.20223098084794, 313.928668045564, 180, 0, 0, -12.097921457899426, -1.5246543510254766, 0, 0, 0, 2, 0
1727226422858376900, rvr4, -19.905130272653146, 39.82194913544007, 80, 39, 0, 0, 2.5746475003336187, 15.216807969181371, 0, 0, 0, 2, 0
1727226423544273800, rvr4, -19.965180997262934, 39.76521024989737, 93, 34, 24.802801726894135, 145.40885629426552, 1.0256140028601386, 14.580888902716413, 0, 0, 1, 2, 0
1727226423554279000, SB-CE32, -32.01588070993733, 112.76931230493992, 296.56245251662205, 2, -3.51415841037339, -28.825780760230444, 4.614166101711305, -7.33793450097077, 0, 0, 1, 2, 0
1727226423751001600, SB-8427, 10.969311669889308, 123.73261913765876, 352.1148454308543, 183, 0, 0, -8.537035697197096, -10.479267911565664, 0, 0, 0, 2, 0
1727226424360178600, rvr4, -19.06507977232087, 43.779667854054225, 100, 18, 16.650092443533744, 160.87496826294563, -1.0147552739642178, 4.79066865549527, 0.3167025353818872, -1.5838644178916397, 1, 1, 1
1727226424465661200, SB-CE32, -33.674385757188716, 77.49625771795664, 351.2490108572826, 2, 11.823335188041533, 179.06300330257636, 4.313344438020955, 4.910640331035936, 0, 0, 1, 2, 0
1727226424749234800, SB-8427, -9.309053864066566, 155.17646496791272, 352.20086749173026, 185, 0, 0, -0.6889074060527257, -10.242348638090135, 0, 0, 0, 1, 0
1727226425079070700, rvr4, -6.3048724401519225, 61.936501269877944, 100, 10, 11.448664449429224, -46.525036585500914, -3.494816113335201, -0.9203875876027175, 0, 0, 1, 1, 0
1727226425398646800, SB-CE32, -36.510248581864715, 43.11869516097787, 239.61192374064757, 177, 0, 0, 5.803961644985412, 4.784340489767928, 0, 0, 0, 1, 0
1727226425775499300, rvr4, 2.0355311240528677, 87.62812780523731, 80, 154, 0, 0, -5.849845088984087, 3.2122143264877736, 0, 0, 0, 2, 0
1727226425764005500, SB-8427, -25.91626825379696, 182.40438834264634, 348.1242405805406, 185, 0, 0, 5.649876229039397, -11.51572924185618, 0, 0, 0, 1, 0
1727226426179196000, SB-CE32, -38.026707847700514, 13.339843234540988, 178.9735084125405, 175, 0, 0, 0, 0, 0, 0, 0, 0, 0
1727226426516441100, rvr4, 6.630222463084472, 117.57418849007888, 80, 156, 6.291975790847004, 66.91845905929846, -0.9826759688506526, 8.357670266021694, 0, 0, 1, 1, 0
1727226426956739900, SB-CE32, -39.768231190916694, -16.4237821092116, 338.2049050460839, 175, 0, 0, 0, 0, 0, 0, 0, 0, 0
1727226427177985600, rvr4, 14.19459987512252, 133.1407605763473, 80, 94, 29.743784480583614, 28.9184354504995, 0.9416303025992349, -1.0063482308874596, -0.36753825974743326, 0.42790942207943206, 1, 1, 1
1727226427274118900, SB-8427, 1.143043363487561, 151.61628492178008, 361.81335947527134, 356, 36.94763890162147, 22.834174977601137, 5.458006510316196, -7.48791737108788, 0, 0, 1, 1, 0
1727226427829729800, SB-CE32, -45.57334969294039, -31.866719835753607, 339.63035502114417, 175, 0, 0, 0, 0, 0, 0, 0, 0, 0
1727226427974752700, rvr4, 26.854742795830116, 113.36490817282262, 100, 102, 42.96110419473599, 101.50929569389874, 3.17424196432382, -8.648974243658355, -0.9221292016167472, 0.5506443521878538, 1, 2, 1
1727226428216940500, rvr1, 42.47249393781734, 36.62894171222675, 0, 0, 0, 0, -0.18072667930140723, 13.707197663117617, 0, 0, 0, 2, 0
1727226428487899700, SB-8427, 28.495246259395394, 116.46176026891217, 274.73176748627145, 2, 40.434746303300244, 119.13647644662451, 5.455539717004811, -10.883324735887875, 0, 0, 1, 2, 0
1727226428667495300, rvr4, 45.48691481363083, 101.61210646510207, 100, 117, 53.266224340757475, 107.25562612410036, 1.3035945544772949, -6.794838354911161, -0.9733098422556168, 0.21694005846874803, 1, 2, 1
1727226428714280600, SB-CE32, -46.69278658164898, -16.568288071358594, 366.4238802475734, 175, 0, 0, 0, 0, 0, 0, 0, 0, 0
1727226428915501200, rvr1, 42.47434685107221, 36.629080634558726, 80, 0, 0, 0, -4.099332014825597, 7.3275435008402, 0, 0, 0, 3, 0
1727226429588911400, rvr4, 74.26941263243853, 107.07504529091338, 100, 112, 56.19052833007792, 120.94188319325195, -2.1234781778388636, -9.433554395376023, 0, 0, 1, 2, 0
1727226429734224100, SB-8427, 56.232469386982515, 81.25238565474505, 338.8790726061204, 8, 21.108334632511145, 193.61404012567547, 4.637455592091714, -1.0337842003021165, 0, 0, 1, 2, 0
1727226429653943000, rvr1, 42.4646263736672, 36.66290552779916, 87, -2, 21.108334632511145, 193.61404012567547, -0.6500414321745651, 9.568388972967675, 0, 0, 1, 3, 0
1727226429755230800, SB-CE32, -47.09199014826343, 23.11267291357124, 354.67150619936183, 175, 0, 0, 13.48671377728549, 6.972230259374366, 0, 0, 0, 1, 0
1727226430668802700, rvr4, 114.0307845490754, 121.66498842051973, 100, 243, 0, 0, -7.832022863285673, -11.669720055358177, 0, 0, 0, 2, 0
1727226430715938600, rvr1, 40.11468253897651, 59.9254978841299, 100, 3, 0, 0, -3.3472969373740256, 2.2485852525572008, 0, 0, 0, 2, 0
1727226430944031700, SB-CE32, -45.08136389859128, 69.65401961600736, 364.8028211333873, 172, 0, 0, 12.38808123854784, 5.917992651148538, 0, 0, 0, 1, 0
1727226430994766800, SB-8427, 86.86769077828819, 44.08494488756097, 391.2530469248273, 7, 0, 0, -5.37884979568322, 5.062943642629097, 0, 0, 0, 1, 0
1727226431617203300, rvr1, 36.98122952724871, 90.43805811523922, 100, 179, 0, 0, -12.606312735018339, 7.253945337620866, 0, 0, 0, 1, 0
1727226431653744100, rvr4, 146.87555070422005, 137.97292995821363, 100, 60, 0, 0, 0, 0, 0, 0, 0, 0, 0
1727226432037969400, SB-CE32, -44.79931603669344, 113.28885130203658, 250.5976146955348, 11, 0, 0, 11.688404642537275, 4.862925148781518, 0, 0, 0, 1, 0
1727226432388779600, SB-8427, 121.63133460397725, 9.871367455193695, 362.4738360887259, 6, 0, 0, 0, 0, 0, 0, 0, 0, 0
1727226432514495500, rvr1, 33.98680473663613, 120.88573655301784, 93, -173, 0, 0, -14.562438048359988, 6.657630542115791, 0, 0, 0, 1, 0
1727226432564505900, rvr4, 177.63850813098446, 153.5295133538283, 100, 239, 0, 0, 0, 0, 0, 0, 0, 0, 0
1727226432956838400, SB-CE32, -45.67641516262736, 147.80880812139458, 103.63177089936417, 13, 0, 0, 8.497779222233275, -1.0706857234533913, 0, 0, 0, 1, 0
1727226433432875000, rvr4, 208.17634794694354, 171.13809555773668, 100, 59, 0, 0, 0, 0, 0, 0, 0, 0, 0
1727226433391357100, rvr1, 12.015693507573353, 125.29453230261883, 89, 343, 0, 0, -9.064214845950515, 5.460799538610535, 0, 0, 0, 1, 0
1727226433769621500, SB-CE32, -45.909035707890645, 178.229974407683, 343.14029589689585, 17, 0, 0, 0, 0, 0, 0, 0, 0, 0
1727226433845474600, SB-8427, 115.03283917437378, 34.14712983828102, 366.50218862619306, 6, 0, 0, 0, 0, 0, 0, 0, 0, 0
1727226434230314300, rvr4, 236.86990965967067, 188.26647232821068, 100, 239, 0, 0, 0, 0, 0, 0, 0, 0, 0
1727226434274677600, rvr1, 9.434959928665597, 92.00920759450183, 97, 201, 0, 0, 12.33204300474281, -4.867105679896845, 0, 0, 0, 1, 0
1727226434814821900, SB-CE32, -45.87683971747548, 216.39081054481022, 338.84934152755125, 17, 0, 0, 0, 0, 0, 0, 0, 0, 0
1727226435089132700, rvr4, 240.49136577350788, 193.19370072189096, 100, 59, 0, 0, 0, 0, 0, 0, 0, 0, 0
1727226435135317400, rvr1, -6.716162641591135, 83.60933021063569, 98, -166, 0, 0, 0, 0, 0, 0, 0, 0, 0
1727226435414695400, SB-8427, 98.49772976800324, 90.83446934289177, 335.4280233787733, 174, 0, 0, 0, 0, 0, 0, 0, 0, 0
1727226436008672600, SB-CE32, -42.0136495763893, 239.1084355469614, 346.3010805877285, 17, 0, 0, 0, 0, 0, 0, 0, 0, 0
1727226436024677400, rvr4, 240.74901468779044, 194.44836678272344, 100, 239, 0, 0, 0, 0, 0, 0, 0, 0, 0
1727226436094550500, rvr1, -21.283474832384158, 111.51385572673367, 98, -166, 0, 0, 0, 0, 0, 0, 0, 0, 0
1727226437004604300, rvr4, 241.00934964140797, 196.08638773426702, 100, 59, 0, 0, 0, 0, 0, 0, 0, 0, 0
1727226437034176000, SB-8427, 79.93194460683752, 153.21141754100557, 19.429279078793883, 6, 0, 0, 0, 0, 0, 0, 0, 0, 0
1727226437014176800, rvr1, -46.9956473925585, 104.76813840784351, 98, -166, 0, 0, 0, 0, 0, 0, 0, 0, 0
1727226437184241300, SB-CE32, -38.63142482519989, 215.81804110259114, 320.92590249185344, 17, 0, 0, 0, 0, 0, 0, 0, 0, 0
1727226438125382000, rvr1, -54.18810810577585, 61.91147601711551, 98, -166, 0, 0, 0, 0, 0, 0, 0, 0, 0
1727226438077382400, rvr4, 221.75261811650176, 177.9218359186482, 100, 239, 0, 0, 0, 0, 0, 0, 0, 0, 0
1727226438324512700, SB-CE32, -35.90257382296943, 245.4615647348819, 318.2212097438786, 17, 0, 0, 14.47409190559745, -1.2313992397172682, 0, 0, 0, 1, 0
1727226438927508500, SB-8427, 58.84476567858644, 223.2897812162605, 245.10526468522266, 174, 0, 0, -14.68945988741157, 8.53052636924268, 0, 0, 0, 1, 0
1727226439064077200, rvr1, -59.71361579429723, 27.041495211436466, 98, -166, 0, 0, 0, 0, 0, 0, 0, 0, 0
1727226439055067800, rvr4, 228.9487315124548, 156.5098575206663, 100, 59, 0, 0, 0, 0, 0, 0, 0, 0, 0
1727226439339434200, SB-CE32, -32.70186706041136, 262.0263411992035, 301.86687530127324, 161, 0, 0, 12.96718054739008, -3.384000840132819, 0, 0, 0, 1, 0
1727226439918639700, rvr1, -65.08181822890526, -6.945218301746574, 98, -166, 0, 0, 0, 0, 0, 0, 0, 0, 0
1727226439974189800, rvr4, 240.35522967988254, 164.17502772265556, 100, 239, 0, 0, 0, 0, 0, 0, 0, 0, 0
1727226440287758300, SB-CE32, -31.497828459690805, 248.7450880552573, 242.48350809482963, 202, 0, 0, 0, 0, 0, 0, 0, 0, 0
1727226440728855300, SB-8427, 72.51832398779749, 226.86003597199914, 18.846160213653928, 3, 0, 0, 0, 0, 0, 0, 0, 0, 0
1727226440814832300, rvr4, 240.8830963294701, 164.94112290067687, 100, 59, 0, 0, 0, 0, 0, 0, 0, 0, 0
1727226440774311800, rvr1, -70.09215197995587, -38.57105644240765, 98, -166, 0, 0, 0, 0, 0, 0, 0, 0, 0
1727226441135926200, SB-CE32, -30.148610852693565, 240.56487610311973, 402.88206688656436, 202, 0, 0, 0, 0, 0, 0, 0, 0, 0
1727226441796003700, rvr4, 240.59242102946646, 166.7035839215366, 100, 239, 0, 0, 0, 0, 0, 0, 0, 0, 0
1727226441747970400, rvr1, -75.8880913158627, -75.61867936165969, 98, -166, 0, 0, 0, 0, 0, 0, 0, 0, 0
1727226442094582100, SB-CE32, -29.781903758420363, 264.3033312909163, 328.1330347124245, 202, 0, 0, 0, 0, 0, 0, 0, 0, 0
1727226442231481500, SB-8427, 83.81989352408256, 173.06212263651668, 320.87257364315144, 177, 0, 0, 0, 0, 0, 0, 0, 0, 0
1727226442568204200, rvr4, 241.01066050492895, 168.19921785028538, 100, 59, 0, 0, 0, 0, 0, 0, 0, 0, 0
1727226442604929100, rvr1, -81.20055818746758, -108.52905059393515, 98, 346, 0, 0, 0, 0, 0, 0, 0, 0, 0
1727226442987133600, SB-CE32, -29.030782594263407, 264.4538672662401, 336.6796671030128, 202, 0, 0, 0, 0, 0, 0, 0, 0, 0
1727226443407705600, rvr1, -86.16541214953523, -139.3660925282626, 98, 194, 0, 0, 0, 0, 0, 0, 0, 0, 0
1727226443454796200, rvr4, 240.41938042747384, 169.33355089507728, 100, 239, 0, 0, 0, 0, 0, 0, 0, 0, 0
1727226443688356900, SB-8427, 94.92249753288272, 119.52329250975144, 221.63982884297133, 3, 0, 0, 0, 0, 0, 0, 0, 0, 0
1727226443857609500, SB-CE32, -25.32875508782874, 247.6493855288717, 321.70825459805195, 202, 0, 0, 0, 0, 0, 0, 0, 0, 0
1727226444268759400, rvr1, -105.55661017454835, -145.92226054996274, 97, 14, 0, 0, 0, 0, 0, 0, 0, 0, 0
1727226444315923600, rvr4, 240.76233493067065, 170.11380697634252, 100, 59, 0, 0, 0, 0, 0, 0, 0, 0, 0
1727226444717691800, SB-CE32, -23.831189368860137, 262.14390216581256, 332.32325192092276, 202, 0, 0, 0, 0, 0, 0, 0, 0, 0
1727226445154911400, rvr1, -117.15765212459041, -115.45051911838716, 97, -14, 0, 0, 0, 0, 0, 0, 0, 0, 0
1727226445144912400, rvr4, 240.62999558655912, 171.3760972027971, 100, 239, 0, 0, 0, 0, 0, 0, 0, 0, 0
1727226445345009700, SB-8427, 108.3337446311044, 59.936885279882986, 46.95086140350806, 177, 0, 0, 0, 0, 0, 0, 0, 0, 0
1727226445628840500, SB-CE32, -24.534244454947814, 264.45538571282657, 336.9596136973656, 202, 0, 0, 0, 0, 0, 0, 0, 0, 0
1727226446077691100, rvr1, -116.11734605781783, -78.909247827954, 97, 14, 0, 0, 0, 0, 0, 0, 0, 0, 0
1727226446144858200, rvr4, 240.53392582407838, 173.20551429040967, 100, 59, 0, 0, 0, 0, 0, 0, 0, 0, 0
1727226446687907000, SB-CE32, -23.394464851225052, 264.27163331866825, 318.7992927851153, 338, 0, 0, 0, 0, 0, 0, 0, 0, 0
1727226446878954700, SB-8427, 120.47210601635936, 2.2199251096111525, 83.3967051936907, 3, 0, 0, 0, 0, 0, 0, 0, 0, 0
1727226447005307400, rvr1, -110.1629111625189, -46.44474889695234, 97, -14, 0, 0, 0, 0, 0, 0, 0, 0, 0
1727226447025835100, rvr4, 189.8229557787214, 143.39848114722923, 100, 239, 0, 0, 0, 0, 0, 0, 0, 0, 0
1727226447799622300, SB-CE32, -21.48785302434062, 264.53708382440834, 120.79237197671361, 338, 0, 0, 0, 0, 0, 0, 0, 0, 0
1727226447885352200, rvr4, 182.40359052308028, 110.8648214831034, 100, 121, 0, 0, 0, 0, 0, 0, 0, 0, 0
1727226447879354600, rvr1, -104.52340045513813, -12.814020028816495, 97, 14, 0, 0, 0, 0, 0, 0, 0, 0, 0
1727226448238398700, SB-8427, 98.31864159585186, 12.683052217218806, 114.435168441931, 177, 0, 0, 0, 0, 0, 0, 0, 0, 0
1727226448789421100, rvr1, -98.26239937383045, 22.752878680263926, 97, 14, 0, 0, 0, 0, 0, 0, 0, 0, 0
1727226448826997400, rvr4, 183.10754277120347, 86.55366229906777, 100, -121, 0, 0, 0, 0, 0, 0, 0, 0, 0
1727226449004941000, SB-CE32, -21.635288723529218, 264.5433707273415, 359.3614154319123, 338, 0, 0, 0, 0, 0, 0, 0, 0, 0
1727226449800143700, SB-8427, 46.364256907812475, 46.257310830814006, 98.33387168853503, 3, 0, 0, 9.492215026480414, 3.382531095021778, 0, 0, 0, 1, 0
1727226449785143800, rvr4, 149.6910617214864, 67.61536876428596, 100, 121, 0, 0, 0, 0, 0, 0, 0, 0, 0
1727226449731153400, rvr1, -92.17805784735346, 58.156863380690346, 97, 14, 0, 0, 0, 0, 0, 0, 0, 0, 0
1727226449975299100, SB-CE32, -19.015802530484866, 263.4811799524196, 366.08584197904344, 338, 0, 0, 0, 0, 0, 0, 0, 0, 0
1727226450829207200, rvr4, 113.03263083413233, 46.73230752635868, 100, -121, 0, 0, 0, 0, 0, 0, 0, 0, 0
1727226450856451500, rvr1, -85.17615478678411, 98.94422659136617, 97, 166, 0, 0, 11.90624509051227, 0.6180377304347345, 0, 0, 0, 1, 0
1727226451095708800, SB-CE32, -18.873404102368223, 264.4584094617028, 334.36440496520225, 338, 0, 0, 0, 0, 0, 0, 0, 0, 0
1727226451589351800, SB-8427, -13.62992321697406, 84.04475276838204, 3.0457001256352516, 172, 0, 0, -12.608386749658147, 11.310839977502582, 0, 0, 0, 1, 0
1727226451778841300, rvr1, -79.48080873770886, 132.1031001673296, 99, 21, 4.264842292743583, 43.92041497971985, 6.389447513242838, -1.3162099972856054, 0, 0, 1, 1, 0
1727226451845720100, rvr4, 112.83752569989005, 15.689360794816366, 100, -121, 0, 0, 0, 0, 0, 0, 0, 0, 0
1727226452005307700, SB-CE32, -19.095179410438725, 264.4537133753322, 432.0614867431208, 338, 0, 0, 0, 0, 0, 0, 0, 0, 0
1727226452690695500, rvr1, -73.4236600323793, 166.27016304478343, 100, 162, 1.6516368704927444, -45.54081322055186, 1.1500317967411149, -3.502365806907005, 0, 0, 1, 1, 0
1727226452805461700, rvr4, 145.37548685269024, -3.9948822082379074, 100, 121, 0, 0, 0, 0, 0, 0, 0, 0, 0
1727226452965830600, SB-CE32, -19.2583499232106, 264.46321400833733, 344.05480746642627, 338, 0, 0, -7.140636266377334, -9.968320152157284, 0, 0, 0, 1, 0
1727226453169758800, SB-8427, -69.46308042890901, 121.02050865017846, 32.683318619440186, 235, 0, 0, -1.7416371140870963, 14.372375254478237, 0, 0, 0, 1, 0
1727226453545673700, rvr1, -65.63051018873497, 197.92069719819938, 100, 14, 0, 0, 1.4891343777308066, 2.8785056090897427, 0, 0, 0, 2, 0
1727226453616729300, rvr4, 147.04365008495262, -26.19167390238304, 100, -121, 0, 0, 0, 0, 0, 0, 0, 0, 0
1727226454048504800, SB-CE32, -22.377294971668334, 263.09149037390813, 371.9486453275163, 203, -3.231052063168126, -69.22100150187599, -5.933038397817236, -3.8755195973511944, 0, 0, 1, 1, 0
1727226454369158900, rvr1, -57.47562198696145, 230.15518998016563, 100, 166, -27.73597388570196, -136.27563470878246, 4.0400144851897055, 8.005313769079583, 0, 0, 1, 1, 0
1727226454445111100, rvr4, 119.12996361937162, -42.173116567798296, 100, -121, 0, 0, 0, 0, 0, 0, 0, 0, 0
1727226454689982500, SB-8427, -108.44413963721642, 139.88696258969784, 165.1044145210832, 278, 0, 0, 0, 0, 0, 0, 0, 0, 0
1727226454950344000, SB-CE32, -34.937449556162, 261.1395652035586, 134.08887202940372, 201, -45.625872635955716, -80.68415699127905, -3.1257281416038514, -0.4573572146406832, 1.0298156960299154, 0.16673204299850114, 1, 1, 1
1727226455285748000, rvr1, -51.49929509802765, 257.6637992282132, 100, 1, -52.39596311897349, -73.86666996451866, 1.8259720187462867, 0.4809543652302295, -0.6116956705197204, -0.13770214422193022, 1, 1, 1
1727226455277240000, rvr4, 89.86194142828556, -58.16097171375675, 100, -121, 0, 0, 0, 0, 0, 0, 0, 0, 0
1727226455757553700, SB-CE32, -38.83935319507508, 260.8696934083954, 314.0781183814597, 205, -83.03853281997466, -133.57051967649534, -1.8532290359545676, -1.3988422938168923, 0.5904225395814677, 0.481909126339815, 1, 1, 1
1727226456098239800, rvr1, -51.95235954964012, 257.55421371883875, 80, 241, 44.72043494139379, -152.25826715453758, 2.096931016078345, -0.6027284246445219, -0.696920827979524, 0.1489856561499039, 1, 1, 1
1727226456145818300, rvr4, 60.02137680965812, -75.01066494313835, 100, -121, 0, 0, 0, 0, 0, 0, 0, 0, 0
1727226456315905300, SB-8427, -101.16467963993856, 97.48447866946583, 43.87552522049695, 262, 0, 0, 0, 0, 0, 0, 0, 0, 0
1727226456750482000, SB-CE32, -37.240900060501865, 257.8439773395522, 387.1814148784455, 152, 62.22790341382256, -87.89280345332519, -2.477371600414563, -0.9489367007747148, 0.8328849584878064, 0.3218253942325589, 1, 1, 1
1727226457076048500, rvr1, -53.2823145063953, 254.32551089543898, 100, 352, 56.945107583850394, -68.66329210443176, 1.9613845352792885, -0.26885553864689765, -0.6134777943247187, 0.10026087490040254, 1, 1, 1
1727226457175716100, rvr4, 26.43200201172427, -93.60528497642768, 100, 301, 0, 0, 0, 0, 0, 0, 0, 0, 0
1727226457568796400, SB-CE32, -39.390363717858094, 252.96030810402544, 312.5601581112652, 150, 98.30624134113036, -143.22383595256107, -3.188528700292305, 0.0668275987028096, 1.1242286632693272, -0.059627637511900394, 1, 1, 1
1727226457849933100, SB-8427, -71.62665308695284, 53.287131392586105, 46.06168929172416, 278, 0, 0, 0, 0, 0, 0, 0, 0, 0
1727226457945551700, rvr1, -53.98454919212169, 254.2321856988874, 80, 125, 88.77822135612303, -118.47994539395914, 0.16856578458557223, -0.4964838366196147, -0.12594134855414865, 0.17190781687403955, 1, 1, 1
1727226457975758500, rvr4, -2.7880517683702406, -109.75475002752026, 100, -59, 0, 0, 0, 0, 0, 0, 0, 0, 0
1727226458469322400, SB-CE32, -45.0639576358385, 251.42063980219456, 323.9861973541412, 148, 86.93774797939854, -65.88845690963733, -2.3171736204099367, 0.2181197186455506, 0.7890799294993841, -0.08051868999932027, 1, 1, 1
1727226458819123100, rvr4, -32.65062963523241, -106.81417893678653, 100, -59, 0, 0, 0, 0, 0, 0, 0, 0, 0
1727226458877164700, rvr1, -59.53209620982858, 254.32692319549523, 100, 44, 116.40289014411378, -84.65042644942763, 2.1000078958912134, -0.7264745431029894, -0.7195158475703196, 0.24924812877717387, 1, 1, 1
1727226459280471600, SB-CE32, -46.344630916694456, 250.11683089874322, 359.8428636406052, 142, 123.28623513932772, -103.93597573313787, -1.934403495684201, 0.13425261642254896, 0.5652120186468722, -0.0420861638598268, 1, 1, 1
1727226459609680300, SB-8427, -8.757932693854048, 29.682087567801112, 18.050323816342814, 262, 0, 0, 0, 0, 0, 0, 0, 0, 0
1727226459705818100, rvr1, -58.47646651939086, 253.87181932021775, 100, 86, 131.37355588278174, -98.79857158877434, 4.412226743598965, -0.8125417642671323, -1.6022026526890791, 0.23685374541410342, 1, 1, 1
1727226459665602200, rvr4, -59.64376934886533, -88.76361164623735, 100, -59, 0, 0, 0, 0, 0, 0, 0, 0, 0
1727226460088590000, SB-CE32, -44.54300410276471, 243.62228767881138, 341.7531383377357, 138, 121.81471068175051, -79.48037998094273, 1.9621077189442984, 2.550878997392752, -0.7135644653216779, -0.8649519320823771, 1, 1, 1
1727226460558678600, rvr1, -32.50554001670442, 258.30001927924417, 100, 69, 135.7075946018721, -77.39154801462865, -0.09907846536477578, -2.008588852368311, 0, 0, 1, 1, 0
1727226460617295200, rvr4, -90.52059430830035, -68.23391754996871, 100, 59, 0, 0, 0, 0, 0, 0, 0, 0, 0
1727226460936775200, SB-CE32, -51.08464973289214, 246.3996422576559, 365.2698147986161, 133, 0, 0, 6.336741904065271, 1.6019125520662385, 0, 0, 0, 1, 0
1727226461245335800, SB-8427, 49.71860992664351, 14.768892686638477, 46.66494445874587, 278, 0, 0, 0, 0, 0, 0, 0, 0, 0
1727226461439484600, rvr1, 0.8522416535975686, 257.8079228569396, 100, 80, 0, 0, -8.083216146305231, -1.8288915119130307, 0, 0, 0, 1, 0
1727226461485582100, rvr4, -118.29804128356213, -50.18583940456522, 100, 59, 0, 0, 0, 0, 0, 0, 0, 0, 0
1727226461850276400, SB-CE32, -71.63605303113289, 247.45011338420827, 340.72867984744215, 132, 0, 0, 0, 0, 0, 0, 0, 0, 0
1727226462278180300, rvr4, -122.08580108284335, -27.077289834129594, 100, -59, 0, 0, 0, 0, 0, 0, 0, 0, 0
1727226462325705000, rvr1, 34.580181107166126, 254.518374791403, 91, 100, 0, 0, 0, 0, 0, 0, 0, 0, 0
1727226462709069900, SB-8427, 104.45678661432999, 8.49105584750957, 252.49512090986545, 262, 0, 0, 0, 0, 0, 0, 0, 0, 0
1727226462825649200, SB-CE32, -95.93362555498875, 250.3035602674764, 320.4850024635644, 48, 0, 0, 0, 0, 0, 0, 0, 0, 0
1727226463136041900, rvr1, 67.76418519399114, 250.5806469904438, 90, 80, 0, 0, 0, 0, 0, 0, 0, 0, 0
1727226463110564000, rvr4, -93.34259173333542, -11.205145999655485, 100, 59, 0, 0, 0, 0, 0, 0, 0, 0, 0
1727226463700201200, SB-CE32, -116.9355390541787, 247.15477301568362, 210.42855629408132, 48, 0, 0, 0, 0, 0, 0, 0, 0, 0
1727226463970538200, rvr1, 97.2155116403576, 247.44487241605765, 90, 260, 0, 0, 0, 0, 0, 0, 0, 0, 0
1727226464035654600, rvr4, -87.89462013361951, 16.71796202227501, 100, 59, 0, 0, 0, 0, 0, 0, 0, 0, 0
1727226464338453900, SB-8427, 133.06497367083185, 44.897004157943336, 322.0354503619777, 278, 0, 0, 0, 0, 0, 0, 0, 0, 0
1727226464620668700, SB-CE32, -136.98875104743487, 240.837833736087, 367.3816547669106, 48, 0, 0, 0, 0, 0, 0, 0, 0, 0
1727226464847173700, rvr4, -116.345910982835, 36.4561204624795, 100, 59, 0, 0, 0, 0, 0, 0, 0, 0, 0
1727226464809993900, rvr1, 126.91600818666674, 244.22266952905557, 90, 80, 0, 0, 0, 0, 0, 0, 0, 0, 0
1727226465629539100, rvr4, -121.94551115156719, 58.673924304312834, 100, -59, 0, 0, 0, 0, 0, 0, 0, 0, 0
1727226465706573700, rvr1, 135.2842432457242, 228.17713588024276, 90, 260, 0, 0, 0, 0, 0, 0, 0, 0, 0
1727226465786621500, SB-CE32, -136.5734181262803, 242.97436563294792, 327.3963929864451, 312, 0, 0, 0, 0, 0, 0, 0, 0, 0
1727226465997222200, SB-8427, 146.82468617941993, 104.1983673713107, 132.00815123452347, 98, 0, 0, 0, 0, 0, 0, 0, 0, 0
1727226466679819000, rvr4, -85.31948571948713, 78.32910040049886, 100, 59, 0, 0, 0, 0, 0, 0, 0, 0, 0
1727226466747074100, rvr1, 98.12389913349733, 218.538278332868, 90, 280, 0, 0, 0, 0, 0, 0, 0, 0, 0
1727226466876305500, SB-CE32, -132.4454002030256, 245.28580326102565, 329.71713667258814, 312, 0, 0, 0, 0, 0, 0, 0, 0, 0
1727226467601704400, SB-8427, 101.54945849378633, 115.65232312341126, 243.39014609274847, 82, 0, 0, 0, 0, 0, 0, 0, 0, 0
1727226467666095000, rvr4, -90.21178629590939, 109.96308468331672, 100, 121, 0, 0, 0, 0, 0, 0, 0, 0, 0
1727226467755607900, rvr1, 66.4125769987933, 212.17239874902626, 90, 260, 0, 0, -2.521841465741106, -14.920247111519544, 0, 0, 0, 1, 0
1727226467906177000, SB-CE32, -96.88680474634934, 242.98604098860483, 382.9627925906704, 312, 0, 0, 0, 0, 0, 0, 0, 0, 0
1727226468681340500, rvr4, -84.90843628983195, 138.10485346846465, 100, 59, 0, 0, 0, 0, 0, 0, 0, 0, 0
1727226468746649600, rvr1, 30.549624599808404, 204.76267451583442, 96, 288, 0, 0, -8.686967557473183, -4.1804811224265075, 0, 0, 0, 2, 0
1727226468946247400, SB-CE32, -58.29539751652328, 247.62482050418134, 324.9772727336443, 312, 0, 0, 12.877128973645233, -7.269605716934509, 0, 0, 0, 1, 0
1727226469510703800, SB-8427, 28.142111115650163, 124.91159277808094, 324.2306816317488, 98, 0, 0, -13.005687105907564, 6.327630375670273, 0, 0, 0, 2, 0
1727226469675805200, rvr1, 0.9575574017959372, 194.94001600497666, 100, 255, -127.72196797516577, 72.72028395975087, -4.365882002087662, -7.614596586843021, 0, 0, 1, 3, 0
1727226469638774200, rvr4, -52.29368786958257, 129.2208475770923, 100, 121, 167.8612972311428, -37.002422244038506, 10.533103541149623, 4.483286229823065, 0, 0, 1, 2, 0
1727226469895889800, SB-CE32, -21.202459386568968, 248.20875661770606, 383.74129572721085, 313, 0, 0, 2.8976671748339626, -10.455525193894772, 0, 0, 0, 1, 0
1727226470550781800, rvr1, -28.954507245320173, 183.88211124358378, 100, 260, 0, 0, 2.0336230680492187, -6.16239353131686, 0, 0, 0, 3, 0
1727226470616358700, rvr4, -22.545324845273562, 108.01906038359252, 100, 73, 52.13754526440402, 13.399775408743404, -2.885059485387596, 8.732527566420105, 0, 0, 1, 2, 0
1727226470816480000, SB-CE32, 2.9657948582313187, 240.19731068315863, 396.3293748785054, 313, 0, 0, -9.7229286799743, -8.275593504132361, 0, 0, 0, 1, 0
1727226471241762300, SB-8427, -39.55822289695054, 133.60081982770734, 25.59434046762865, 83, 0, 0, -0.28226487875442813, 0.5679957277342368, 0, 0, 0, 2, 0
1727226471536668600, rvr4, 5.754444400596441, 88.05496987421475, 100, 70, 0, 0, -8.24114067272333, 6.791771798755961, 0, 0, 0, 1, 0
1727226471501521600, rvr1, -64.25021428199162, 184.84346489358194, 99, 283, -38.22177169564647, 8.965600106037554, 3.5137754314670437, 1.270716345833847, 0, 0, 1, 2, 0
1727226471909568200, SB-CE32, 2.9675041335200514, 240.69414742166046, 289.5166167036539, 228, 0, 0, 0, 0, 0, 0, 0, 0, 0
1727226472321561100, rvr4, 39.17259077791486, 85.76268707692881, 95, 64, 0, 0, -2.8221885931140704, -11.939542297690268, 0, 0, 0, 1, 0
1727226472366428000, rvr1, -98.45433797597146, 190.03309898440614, 100, 104, 0, 0, -1.7040624494748797, -10.029066682354795, 0, 0, 0, 1, 0
1727226472698807800, SB-8427, -84.63522997642511, 125.19141459019508, 0.41112991460557197, 99, 0, 0, -8.028650515654926, 8.082388296269718, 0, 0, 0, 1, 0
1727226472766406400, SB-CE32, 0.0, 0.0, 262.7067811658388, 229, 0, 0, 0, 0, 0, 0, 0, 0, 0
1727226473162151800, rvr4, 70.3040004518929, 95.3219416695383, 87, 110, 0, 0, 0, 0, 0, 0, 0, 0, 0
1727226473196511900, rvr1, -129.82315428048864, 196.4953853541166, 100, 289, 0, 0, 0, 0, 0, 0, 0, 0, 0
1727226473971389800, SB-CE32, -2.089558726457129, 226.1676024316318, 242.07035471295438, 131, 0, 0, 0, 0, 0, 0, 0, 0, 0
1727226474005970500, rvr4, 100.4937241931389, 104.16796672782887, 87, -110, 0, 0, 0, 0, 0, 0, 0, 0, 0
1727226474057645300, rvr1, -161.84099116028855, 203.5687328452263, 99, 109, 0, 0, 0, 0, 0, 0, 0, 0, 0
1727226474276955900, SB-8427, -93.8278799217166, 75.49583463942896, 150.762817629822, 223, 0, 0, 0, 0, 0, 0, 0, 0, 0
1727226475096457900, rvr1, -196.19274123940173, 215.49663457888192, 99, 289, 0, 0, 0, 0, 0, 0, 0, 0, 0
1727226475071195400, rvr4, 138.48702244289413, 115.74115934593826, 87, 70, 0, 0, 0, 0, 0, 0, 0, 0, 0
1727226475187078400, SB-CE32, -11.533513883513013, 220.16053250904565, 311.64213176832857, 131, 0, 0, 0, 0, 0, 0, 0, 0, 0
1727226475972863900, SB-8427, -36.38933833996525, 68.38414265413627, 238.74214130353676, 317, 0, 0, 0, 0, 0, 0, 0, 0, 0
1727226476105999800, rvr4, 146.04869884568, 104.11392702844478, 87, 250, 0, 0, 0, 0, 0, 0, 0, 0, 0
1727226476137006800, rvr1, -181.88078555042247, 205.67011328843415, 99, 109, 0, 0, 0, 0, 0, 0, 0, 0, 0
1727226476276350900, SB-CE32, -26.02333201350381, 215.93738097530758, 303.1356927530786, 131, 0, 0, 0, 0, 0, 0, 0, 0, 0
1727226477070281300, rvr1, -186.821607846855, 188.6564328949882, 99, 289, 0, 0, 0, 0, 0, 0, 0, 0, 0
1727226477096797700, rvr4, 147.3600846277338, 81.67021629542549, 87, 109, 0, 0, 0, 0, 0, 0, 0, 0, 0
1727226477226442800, SB-CE32, -47.594495851123625, 239.86789560898774, 318.46587350964325, 131, 0, 0, 0, 0, 0, 0, 0, 0, 0
1727226478016415800, SB-8427, 40.3131952151702, 63.30175126799626, 245.71964357240614, 222, 0, 0, 17.75420145664424, -0.18187198866522677, 0, 0, 0, 1, 0
1727226477992159100, rvr1, -193.505914655503, 168.48693028576724, 99, 109, 0, 0, 0, 0, 0, 0, 0, 0, 0
1727226478056458400, rvr4, 158.20128783664956, 69.67740106510273, 87, -109, 0, 0, -17.37499060619993, -2.1222959478892407, 0, 0, 0, 1, 0
1727226478267041400, SB-CE32, -69.9947272033444, 257.3251779900335, 372.0131649314299, 131, 0, 0, 0, 0, 0, 0, 0, 0, 0
1727226479091784100, rvr1, -153.19788258534584, 155.38358257532002, 99, 289, 0, 0, 10.327382004647745, 8.648434095674697, 0, 0, 0, 1, 0
1727226479146631000, rvr4, 123.64160593887432, 60.552698011282224, 100, 106, -43.41178578097229, 90.06596998836305, -8.368965540814544, -0.8876318176154242, 0, 0, 1, 1, 0
1727226479346856800, SB-CE32, -98.80716169094947, 227.7114875863797, 387.6554445467458, 131, 0, 0, -5.348871932539546, -13.944794087178678, 0, 0, 0, 1, 0
1727226479953459900, SB-8427, 80.65914445802716, 56.523397783575305, 325.201021541435, 321, -80.08928766177988, 102.44904588992414, -3.4083488991136233, -1.1564471054235894, 1.2693291502184736, 0.4036795890151126, 1, 1, 1
1727226480107019200, rvr4, 91.60282966563202, 54.66246174953638, 80, -35, -98.60292620367585, 128.92623619721357, -8.338965447530322, -0.8830039399336769, 0, 0, 1, 1, 0
1727226480096538700, rvr1, -115.91279468986025, 144.25832633860594, 92, 117, 0, 0, 1.4625613682092704, 13.43551960313225, 0, 0, 0, 1, 0
1727226480318755300, SB-CE32, -119.88330942706679, 221.4422540408504, 17.55504288801319, 133, 0, 0, 3.0116337444315704, -8.34463462016349, 0, 0, 0, 1, 0
1727226481033853800, rvr4, 59.34406515844741, 48.937915116980726, 100, -38, -46.380019695244414, 3.6771421786594716, -6.455156164033514, 1.6998363249865185, 0, 0, 1, 1, 0
1727226481077038600, rvr1, -83.03111161843103, 153.98439891293535, 88, 72, 0, 0, 0, 0, 0, 0, 0, 0, 0
1727226481227098500, SB-CE32, -135.830158999376, 242.8293572596111, 309.64307174681653, 142, 0, 0, 0, 0, 0, 0, 0, 0, 0
1727226481631385900, SB-8427, 29.859053934425653, 59.14691258246709, 160.72360363958862, 218, -58.96882352654279, -10.515777776695508, -0.720724704417421, 3.331586038781474, 0.3144452436826651, -1.241592154951372, 1, 1, 1
1727226482007703300, rvr1, -52.46691566300168, 154.63335918645964, 88, 108, 0, 0, 12.879258501119264, -11.156440895066094, 0, 0, 0, 1, 0
1727226481970521300, rvr4, 38.13947137801263, 59.95202402191673, 100, -53, -35.84775276039779, 20.798155283328327, -4.829521212452879, 5.886691450753674, 0, 0, 1, 1, 0
1727226482248148900, SB-CE32, -136.51528888287112, 242.86130456313762, 33.91364517528302, 142, 0, 0, 0, 0, 0, 0, 0, 0, 0
1727226482877086800, rvr1, -24.859544900171308, 146.9075599017287, 100, 69, -2.542313041376455, 30.151236116415728, 7.120268646521366, -9.241437325142728, 0, 0, 2, 2, 0
1727226483017142300, SB-8427, 5.676860405446843, 96.6672480234723, 2.8000379630827044, 310, -4.579996395912175, 34.32910612614249, -2.404874221745638, 6.419627155922773, 0, 0, 2, 2, 0
1727226482907127900, rvr4, 24.319632838913428, 83.01106675697983, 100, -54, -41.15668662195276, 30.892136192811577, -7.750133870415365, 10.031607273148913, 0, 0, 1, 2, 0
1727226483236838900, SB-CE32, -136.47046406243618, 242.94267571290902, 69.39446321501944, 142, 0, 0, 0, 0, 0, 0, 0, 0, 0
1727226483931487100, rvr1, 11.154450886807846, 134.7404161745872, 100, 121, 2.7662618838156052, -45.227982009428494, -6.0973253647546874, -0.18310760791188443, 0, 0, 1, 2, 0
1727226483977584900, rvr4, -6.791531291519701, 115.19749083685004, 100, 232, -36.260015382976235, -46.924454433488535, -0.824681043303931, 6.095673625130139, 0, 0, 1, 2, 0
1727226484187286300, SB-CE32, -136.40884381687542, 243.0598939276067, 7.745046406120183, 142, 0, 0, 0, 0, 0, 0, 0, 0, 0
1727226484601669300, SB-8427, -41.61726145317188, 137.44480718377466, 56.99036475613258, 192, -39.48820999480071, -17.50988395021117, 7.695522400992402, 3.9367779260882627, 1.0799070358446188, -1.099389360286503, 1, 2, 1
1727226484874467800, rvr1, 44.9097163085608, 147.93186698578748, 100, 41, 0, 0, -12.518077495621636, 2.2498806883956064, 0, 0, 0, 1, 0
1727226484906030000, rvr4, -33.888236664713624, 140.01338557742542, 100, 311, -45.02665999134535, 2.4961544732222762, 3.676712016944312, 3.514898217093528, 0, 0, 1, 2, 0
1727226485107526500, SB-CE32, -136.34304299193565, 242.80345197497854, 82.9750136883595, 142, 0, 0, 0, 0, 0, 0, 0, 0, 0
1727226485750995400, rvr1, 68.37582504027247, 173.58825247381176, 94, 146, 0, 0, 0, 0, 0, 0, 0, 0, 0
1727226485877725100, rvr4, -69.08287622562003, 139.05496888304174, 100, 238, -73.27276569874866, 41.77774039404781, -7.787291731794663, -4.753523449690142, 0, 0, 1, 1, 0
1727226486027781000, SB-8427, -90.45622542122968, 128.83363302563086, 175.09192862766247, 328, 35.31201204330227, 10.744988467250097, -3.000057101592843, -2.8727059326425914, 0, 0, 1, 1, 0
1727226486056673900, SB-CE32, -138.07784926916625, 239.48518827218723, 57.155854365148855, 142, 0, 0, 0, 0, 0, 0, 0, 0, 0
1727226486662054600, rvr1, 88.65358921043844, 201.44575834456944, 93, 34, 0, 0, 0, 0, 0, 0, 0, 0, 0
1727226486788577400, rvr4, -96.7370128167, 119.25257709047737, 100, 85, 18.557184880616806, -51.97768745828765, -6.991289541632533, 5.4691376740926625, 0, 0, 1, 2, 0
1727226487023948000, SB-CE32, 0.0, 0.0, 119.24538964739887, 142, 0, 0, 0, 0, 0, 0, 0, 0, 0
1727226487481838600, rvr1, 113.10674363340661, 192.70471250388746, 93, 214, 0, 0, 0, 0, 0, 0, 0, 0, 0
1727226487531354500, rvr4, -125.58466018001657, 115.74437491974723, 100, 72, 32.30299120728453, -2.590628294256614, 0.05574074912737785, 3.2492644450899064, 0, 0, 1, 2, 0
1727226487718984700, SB-8427, -150.54498599262268, 116.15578763397741, 193.21053698136393, 201, -54.81927814251923, -51.37770640584231, 6.0255190155718905, 3.1905451043810658, 1.576426836819846, -0.09874935148036174, 1, 2, 1
1727226487947215800, SB-CE32, -62.81825704410312, 145.91320277778675, 18.778427441795717, 142, 0, 0, 0, 0, 0, 0, 0, 0, 0
1727226488399658600, rvr1, 132.93476392518807, 197.85563864265663, 93, 34, 0, 0, 0, 0, 0, 0, 0, 0, 0
1727226488467460000, rvr4, -162.1459414822055, 116.42864494524672, 100, 256, -84.25243224709972, 79.50532938509126, 4.855790156157977, 4.577294422038717, 0, 0, 1, 2, 0
1727226488832263100, SB-CE32, -66.40890150466312, 138.55703035897713, 148.34222124808065, 142, 0, 0, -15.238288194248485, -2.519890316990438, 0, 0, 0, 1, 0
1727226489240822400, rvr1, 115.50033054871331, 222.62024945950628, 93, 214, 0, 0, 0, 0, 0, 0, 0, 0, 0
1727226489307327000, rvr4, -166.72261762674566, 130.71954535888693, 100, 109, -6.42135310177664, 73.80727646367802, 9.389029667886055, 0.9266907671069361, 0, 0, 1, 2, 0
1727226489338327400, SB-8427, -198.2183831861383, 132.7982092725595, 77.45336228114918, 333, 0, 0, 9.708999181524595, -0.5705829120823637, 0, 0, 0, 1, 0
1727226489729911700, SB-CE32, -73.52685792085488, 135.24356673393856, 83.85795013258716, 147, 0, 0, -9.421769089303002, 2.5185633986063634, 0, 0, 0, 1, 0
1727226490191916400, rvr1, 117.23711282665076, 253.78920796829007, 93, 34, 0, 0, 0, 0, 0, 0, 0, 0, 0
1727226490237475900, rvr4, -129.55667457684098, 136.66136641342624, 100, 246, 7.507355899471555, 104.75464575131096, 2.540889653095782, 1.7235769334434337, 0, 0, 1, 2, 0
1727226490610143900, SB-CE32, -88.28416718382708, 161.74922139620955, 276.17405650206376, 151, 101.11957895277922, -151.51702797435829, -7.71298369517422, -4.700647990357211, 0.5295900839304792, -0.16102945511271116, 1, 2, 1
1727226491047241300, rvr1, 122.22295081689715, 256.91500035406204, 93, 214, 0, 0, 0, 0, 0, 0, 0, 0, 0
1727226491029650700, rvr4, -98.46617647544122, 144.048954718176, 100, 129, 89.48320138509206, 75.97438397528617, -1.195458325679391, 1.1841246559236993, 0, 0, 1, 2, 0
1727226491257498200, SB-8427, -150.0993571987828, 111.98136457167338, 331.9444198487532, 160, 0, 0, 16.032440592481606, 10.735301959070648, 0, 0, 0, 2, 0
1727226491910772300, SB-CE32, -90.29739614235719, 183.97378866281323, 291.9868146340661, 30, 0, 0, 1.4581136163686437, -10.914866843495082, 0, 0, 0, 2, 0
1727226492008041400, rvr4, -62.99592262081054, 155.3959804385979, 100, 95, 73.11042577058534, 54.126349034714785, -6.004786271234509, -2.4441571226123187, 0, 0, 1, 2, 0
1727226492047591100, rvr1, 122.99315057568303, 257.45013455715554, 93, 34, 0, 0, 0, 0, 0, 0, 0, 0, 0
1727226492862858300, rvr4, -28.920934080514314, 157.07625189947947, 100, 105, 111.35751760452384, 110.67444858398012, -12.095105483805357, -1.2158433518945457, 0, 0, 1, 2, 0
1727226492947943700, SB-8427, -123.24436526029008, 125.26249617987635, 317.24442851078936, 24, 0, 0, 7.2422663414856725, 8.469902527820432, 0, 0, 0, 1, 0
1727226492917945600, rvr1, 123.4281187632029, 257.3119776711079, 93, 214, 0, 0, 0, 0, 0, 0, 0, 0, 0
1727226493017686500, SB-CE32, -77.9115654273333, 158.90430499297702, 281.69683646656586, 31, 97.27442703034325, 176.17626813661002, 4.064351022905693, -0.91586071083982, 0, 0, 1, 2, 0
1727226493977552500, rvr1, 123.70554073488606, 257.7215651017641, 93, 34, 0, 0, 0, 0, 0, 0, 0, 0, 0
1727226493987553000, rvr4, 13.889373137548773, 154.98198176030252, 100, 114, 0, 0, -7.727188266275676, 5.486674351544928, 0, 0, 0, 1, 0
1727226494260529400, SB-CE32, -63.675084364919485, 179.72586276844933, 280.9427693104547, 330, 0, 0, -9.51868061897047, 3.029060856029693, 0, 0, 0, 1, 0
1727226494460036800, SB-8427, -128.5246815694617, 181.25797339538303, 263.1970650639455, 156, 0, 0, 9.299252212505827, 2.940631265833389, 0, 0, 0, 1, 0
1727226494887559000, rvr4, 47.51155992117463, 162.60390443161003, 90, 68, 0, 0, 10.642894711869436, 10.615125862968293, 0, 0, 0, 1, 0
1727226494832519300, rvr1, 107.37168250308927, 246.5482200867003, 93, 214, 0, 0, -7.601274642446203, -14.274951417560478, 0, 0, 0, 1, 0
1727226495140119100, SB-CE32, -55.123786039720684, 186.6252447334844, 294.2991909039474, 329, 0, 0, 0, 0, 0, 0, 0, 0, 0
1727226495719560100, rvr4, 80.31405962952672, 172.9898174650125, 100, 116, 13.584045713136815, 15.626657030638576, 2.7561890229840342, 4.928833236772894, -1.0036730225370973, -1.5593238031211059, 1, 1, 1
1727226495757508000, rvr1, 90.49869773957042, 218.77289139245812, 100, 326, 13.584045713136815, 15.626657030638576, -0.1585045843709423, -8.820628882138736, 0, 0, 1, 1, 0
1727226495917302700, SB-8427, -167.51708181533573, 206.32933804116, 236.6253360770292, 27, 0, 0, 0, 0, 0, 0, 0, 0, 0
1727226496048656600, SB-CE32, -43.94030291681899, 166.14803392734134, 311.97987313968133, 329, 0, 0, 0, 0, 0, 0, 0, 0, 0
1727226496787910700, rvr4, 114.82031458138549, 185.33774140630402, 100, 283, 0, 0, -5.736421368579914, -0.9182497183785585, 0, 0, 0, 1, 0
1727226496807946300, rvr1, 71.71833124638994, 184.17024466700218, 99, 205, 0, 0, 7.214065309584765, -0.4153939399797196, 0, 0, 0, 1, 0
1727226497027730400, SB-CE32, -32.00881790791994, 181.0938645140506, 360.3371494546309, 329, 0, 0, 12.997356862852541, 3.963794232954342, 0, 0, 0, 1, 0
1727226497722876700, SB-8427, -230.41711664972473, 232.0381452635479, 304.83520749398986, 154, 0, 0, 0, 0, 0, 0, 0, 0, 0
1727226497788911800, rvr1, 45.08972986623026, 193.95295423799027, 96, 338, 0, 0, -12.589381094654733, 1.2494944690155505, 0, 0, 0, 1, 0
1727226497797920600, rvr4, 151.4693003341383, 178.45058743164984, 100, 102, 0, 0, 0, 0, 0, 0, 0, 0, 0
1727226497998005500, SB-CE32, -21.904240955837388, 202.9261996257, 359.13813473460334, 332, -44.57991104346044, 83.84261852222126, 7.5285062019352695, -2.8180218382530993, 0, 0, 1, 1, 0
1727226498813238200, rvr1, 16.66915908158037, 183.28800451922626, 100, 208, -19.22525442392016, -34.44181025734241, -6.002664225278799, -2.717805682318192, 0, 0, 1, 1, 0
1727226498837772800, rvr4, 194.51524782366477, 176.51324063354485, 100, 282, 0, 0, 0, 0, 0, 0, 0, 0, 0
1727226498998116100, SB-CE32, -7.56062065425524, 184.8489982487328, 6.972526649896254, 333, -20.338618205082017, -33.97644050472828, -0.49223959633161396, -1.5700778130953892, 0.29155698173409056, 0.2670204060926153, 1, 1, 1
1727226499693582800, SB-8427, -240.824408968564, 238.50516796570668, 332.6611659131999, 26, 0, 0, 0, 0, 0, 0, 0, 0, 0
1727226499837715200, rvr1, -6.779821009652724, 181.83166065069753, 100, 330, -39.54848817873619, 11.344035134583246, -9.15254026734734, 2.627628443223756, 0, 0, 1, 1, 0
1727226499807716500, rvr4, 230.5655188106774, 167.67541071101346, 99, 102, 0, 0, 0, 0, 0, 0, 0, 0, 0
1727226500008554200, SB-CE32, -26.107952436248688, 196.22940934756392, 1.005113468968682, 220, -60.546700172749446, -67.8158751193387, -4.128671321766106, -3.1310743995587274, 1.4017271171742829, 1.2634814824340965, 1, 1, 1
1727226500762063900, rvr1, -35.09364326112812, 177.55615239129367, 100, 224, -52.97565522157467, -55.78583104073991, -1.9479579645155134, -1.2185845694973125, 0.6964423679125503, 0.48970222260134055, 1, 1, 1
1727226500808170400, rvr4, 225.0912194369286, 153.13690767344255, 99, 282, 0, 0, 0, 0, 0, 0, 0, 0, 0
1727226500957384600, SB-CE32, -47.15827203023722, 186.7444569406213, 47.08346520839844, 223, -52.97565522157469, 1.7613529863521764, 0.9494958835911284, -4.523198046197626, 0, 0, 1, 1, 0
1727226501448091900, SB-8427, -240.83943325566565, 236.81224105483616, 38.40336771745031, 154, 0, 0, 0, 0, 0, 0, 0, 0, 0
1727226501787497900, rvr1, -51.53327043683422, 142.85595367668546, 100, 316, -29.32437959501419, 28.120730739653563, 0.8990822937230284, 2.273469340181802, 0, 0, 1, 1, 0
1727226501763998100, rvr4, 186.7994878924241, 155.14649430131848, 98, 102, 0, 0, 0, 0, 0, 0, 0, 0, 0
1727226501957702700, SB-CE32, -36.80733017492981, 188.840914395777, 2.416449269650022, 247, 0, 0, -3.8014040197941603, -13.129842140020093, 0, 0, 0, 1, 0
1727226502743851800, rvr4, 148.3636112198365, 153.16130554729344, 98, 282, 0, 0, 0, 0, 0, 0, 0, 0, 0
1727226502767832400, rvr1, -74.04988717787563, 111.94418262375616, 100, 223, 0, 0, 5.867309460247982, 4.034003950252346, 0, 0, 0, 1, 0
1727226502978174400, SB-CE32, -23.273389724035503, 160.49430857864792, 53.141950131089544, 204, 0, 0, 0, 0, 0, 0, 0, 0, 0
1727226502918636600, SB-8427, -240.7400596010462, 236.6366569866083, 265.1774739913948, 26, 0, 0, 0, 0, 0, 0, 0, 0, 0
1727226503867952600, rvr4, 146.89460885458047, 127.12414890623491, 98, 102, 0, 0, 0, 0, 0, 0, 0, 0, 0
1727226503812987600, rvr1, -100.70955450104881, 78.3509579681106, 93, 137, 0, 0, 0, 0, 0, 0, 0, 0, 0
1727226503998492600, SB-CE32, -17.406182021161744, 161.53204904360422, 249.46369338691338, 204, 0, 0, 0, 0, 0, 0, 0, 0, 0
1727226504753710000, rvr4, 140.3602207001665, 113.23623934811204, 98, 282, 0, 0, 0, 0, 0, 0, 0, 0, 0
1727226504819236400, rvr1, -124.49738240062884, 48.27232531686478, 92, -137, 0, 0, 0, 0, 0, 0, 0, 0, 0
1727226504778583500, SB-8427, -240.45105812417432, 216.00488020280486, 62.71382457210055, 154, 0, 0, 0, 0, 0, 0, 0, 0, 0
1727226504987782800, SB-CE32, -10.91546597403938, 173.79630890388626, 6.527182635915062, 204, 0, 0, 0, 0, 0, 0, 0, 0, 0
1727226505853261700, rvr1, -115.38930034699736, 16.062449696046336, 91, 137, 0, 0, 0, 0, 0, 0, 0, 0, 0
1727226505897995600, rvr4, 98.45039256655801, 114.62714809000224, 98, 258, 0, 0, -16.935375207474568, 2.9781835807860446, 0, 0, 0, 1, 0
1727226505989036100, SB-CE32, 0.7817312921961763, 144.01161626737033, 320.01727958568426, 204, 0, 0, 12.001633223729467, -6.097469973460764, 0, 0, 0, 1, 0
1727226506783982300, SB-8427, 0.0, 0.0, 226.88689500117664, 26, 0, 0, 0, 0, 0, 0, 0, 0, 0
1727226506839080900, rvr4, 62.78916036840161, 125.51539902765326, 100, 278, -56.521329476967765, -36.28829635564304, -10.876523329313093, 0.5111702827819059, 0, 0, 1, 1, 0
1727226506808051600, rvr1, -116.79923521574771, -12.558009517009578, 90, 137, 0, 0, 0, 0, 0, 0, 0, 0, 0
1727226507028451000, SB-CE32, 13.277799946067464, 122.45523187147998, 104.38045112408989, 202, -56.61245279295784, -46.729994130251555, 3.269905105248123, 1.7568093500116817, -0.5943462880449143, -0.7428046502111585, 1, 1, 1
1727226507931023900, rvr1, -140.34805038784378, -42.249205610283916, 89, -137, 0, 0, 0, 0, 0, 0, 0, 0, 0
1727226507897968700, rvr4, 22.200757186732073, 130.73040378159615, 100, 277, -117.21282629376066, -110.03998018114942, -9.287439574744228, -0.12120758254353915, 0, 0, 1, 1, 0
1727226508069720600, SB-CE32, -0.523870221394942, 133.37037123903767, 289.7017795650199, 214, -110.84987885261121, -100.60652266020325, -4.588723617332846, -0.6867049569149088, 0, 0, 1, 1, 0
1727226508802889300, SB-8427, -152.8640535801633, 147.20765183800694, 136.8274643978629, 154, 0, 0, 0, 0, 0, 0, 0, 0, 0
1727226508929259300, rvr1, -130.94855703462332, -69.92549921466033, 88, 137, 0, 0, 0, 0, 0, 0, 0, 0, 0
1727226508958310800, rvr4, -17.5574398889896, 132.5967941942406, 100, 293, -138.65404038313645, -105.73160697064053, -10.146158545849246, -1.3338616248960762, 0, 0, 1, 1, 0
1727226509069906000, SB-CE32, -40.46910302755352, 129.84949417867904, 367.18715831797635, 220, -122.24563718984137, -109.99361615768153, -5.451158743952288, -0.7902729295344499, 0, 0, 1, 1, 0
1727226509912112100, rvr1, -103.30030125803054, -93.94910392498328, 87, 43, 0, 0, 0, 0, 0, 0, 0, 0, 0
1727226509938133100, rvr4, -56.930495231372696, 126.23664568606185, 100, 285, -133.14567534568852, -90.99534901903503, -10.319248055630394, -0.789583358927311, 0, 0, 1, 1, 0
1727226510098765600, SB-CE32, -80.89673531651366, 125.84898969166302, 241.230225637077, 223, -126.94494853805743, -105.05140721932187, -10.898407896284327, -4.877581201856509, 0, 0, 1, 2, 0
1727226510533138000, SB-8427, -157.8151657419954, 87.84045718715029, 48.260199994761024, 26, -86.47635963689027, -67.22677483781378, 9.074014703143272, 4.73873974871497, 0, 0, 1, 2, 0
1727226510854931600, rvr1, -78.58638694575555, -115.46030675339246, 87, 43, 0, 0, 0, 0, 0, 0, 0, 0, 0
1727226510919016500, rvr4, -96.30225566067566, 121.51199278642873, 100, 75, -22.60817510544364, 67.46484236415067, -12.784719473909846, -6.919387818021924, 0, 0, 1, 2, 0
1727226511244382500, SB-CE32, -126.73123610192108, 122.67421467717345, 340.8690026132225, 313, -66.62503060610462, 7.968017184999184, -6.567253691505043, -7.425129630051456, 1.3881420832825755, 0.342749216194818, 1, 2, 1
1727226511709254500, rvr4, -126.41749662324449, 118.9625983148397, 100, 215, -110.91715657944127, 33.52715692852967, -11.732546799143961, -6.408195091595968, 0, 0, 1, 2, 0
1727226511718255500, rvr1, -56.851807989168094, -134.4275699302987, 87, 137, 0, 0, 0, 0, 0, 0, 0, 0, 0
1727226512011414400, SB-8427, -174.03292766803492, 57.38418507762676, 171.0651334023098, 288, 0, 0, -0.867779088519714, 11.984460306421488, 0, 0, 0, 2, 0
1727226512108550300, SB-CE32, -158.5466677983668, 118.57776354205157, 288.68006239235643, 307, -66.14195010699427, 89.84153438482241, -6.8536685561053075, -6.319217090123861, 0, 0, 1, 2, 0
1727226512612647000, rvr1, -30.684137557112148, -129.7765466395664, 87, 43, 0, 0, 0, 0, 0, 0, 0, 0, 0
1727226512678382800, rvr4, -162.2994705611058, 115.63948121925871, 100, 74, -24.288896113541366, 65.56399125437412, -10.820638954211216, -4.604076735304373, 0, 0, 1, 2, 0
1727226512991617700, SB-CE32, -194.85546414414495, 126.27468821699513, 343.4771773305273, 311, -28.437137698656354, -27.885435234028638, -2.903502422847197, -7.473404044092403, 1.0406175790604835, 0.2652532340889053, 1, 2, 1
1727226513431528100, rvr1, -13.721234455772954, -106.35025003931284, 87, 43, 0, 0, 0, 0, 0, 0, 0, 0, 0
1727226513478068500, rvr4, -195.9266793613541, 112.07245695698084, 100, 214, 1.146259459934848, -17.301126096009874, -4.085269304631503, -3.140781067365546, 0, 0, 1, 2, 0
1727226513711440500, SB-8427, -205.1197044162837, 57.43172757791357, 393.61396373259436, 248, 0, 0, -1.9134649863363933, 13.30164863482171, 0, 0, 0, 2, 0
1727226514381018100, rvr4, -198.88368610873636, 113.05857903033765, 100, 150, 48.23114019923968, -15.598871646817784, -4.947800458429501, -3.5258639302954604, 0, 0, 1, 2, 0
1727226514349025800, SB-CE32, -231.20656025599192, 135.00992383359156, 179.89428131767258, 56, 48.23114019923968, -15.598871646817784, 4.734011515989596, -10.162137911148076, 0, 0, 1, 2, 0
1727226514302461400, rvr1, 3.0354457284494814, -82.90835759252411, 87, 43, 0, 0, 0, 0, 0, 0, 0, 0, 0
1727226515253987400, rvr4, -199.08719268147806, 113.04440948193371, 100, -138, 28.262803874855013, 6.018904492503191, -4.617736708100821, -2.309656070503048, 0, 0, 2, 2, 0
1727226515309278600, rvr1, 22.921850435719726, -55.15154078053466, 87, 43, 0, 0, 0, 0, 0, 0, 0, 0, 0
1727226515398156400, SB-CE32, -242.46264322255374, 133.0572431881596, 282.9021710958771, 69, 0, 0, 9.101719405967673, -8.91940031933678, 0, 0, 0, 2, 0
1727226515508206900, SB-8427, -206.27787400478383, 67.61878547360568, 85.9025737128801, 290, -33.70359380304819, -21.875167332662755, -1.6534856386189971, 10.335018997257153, 0, 0, 1, 2, 0
1727226516334365000, rvr4, -188.40266872879894, 85.72564069887576, 82, 148, 12.269674195434224, -28.62558776103725, -5.41504213409205, 2.88685581933277, 0.04369080231405462, 0.9522609332728224, 1, 2, 1
1727226516378519400, rvr1, 44.62746177679168, -25.16993313350396, 87, 43, 0, 0, 0, 0, 0, 0, 0, 0, 0
1727226516619614500, SB-CE32, -242.46395408236862, 133.06221138070254, 32.678184350655386, 71, 0, 0, 10.770813012084911, -11.555158603728993, 0, 0, 0, 2, 0
1727226517081294100, SB-8427, -189.54359861096756, 85.04562033012047, 12.938488441442026, 261, -20.842162744372825, -35.21441055232954, -4.7559401732871125, 3.0249512423813414, 0, 0, 1, 2, 0
1727226517273862100, rvr4, -190.95113953632574, 62.17201607331659, 100, -151, -20.164376237874034, -35.655870195661905, -4.351789819675116, 9.851188286556646, 0, 0, 1, 2, 0
1727226517308368600, rvr1, 63.38989879210476, 0.9199582489138715, 87, 43, 0, 0, 0, 0, 0, 0, 0, 0, 0
1727226517548455400, SB-CE32, -242.4643201088551, 133.06091964820575, 255.37036042730756, 91, 0, 0, 11.122377141821659, -11.67165972648845, 0, 0, 0, 2, 0
1727226518125293000, rvr1, 80.01050375533943, 24.133444942233517, 87, 43, 0, 0, 0, 0, 0, 0, 0, 0, 0
1727226518230379500, rvr4, -204.23111835909972, 39.836012363814994, 100, 147, 0, 0, 4.3512300842670895, 9.108966750505008, 0, 0, 0, 1, 0
1727226518461001500, SB-8427, -163.99079962881623, 114.14451601357356, 29.790243665673934, 311, 0, 0, -10.053833968189267, 4.284600083878609, 0, 0, 0, 1, 0
1727226518499103900, SB-CE32, -242.47109297041197, 133.04279710058984, 188.81620577615283, 93, 0, 0, 13.678128638133472, -1.2436622696056787, 0, 0, 0, 1, 0
1727226518921457500, rvr1, 96.11497661358085, 46.26830968567487, 87, -43, 0, 0, 0, 0, 0, 0, 0, 0, 0
1727226518968976300, rvr4, -225.57098458553006, 16.796129103045455, 95, -141, 0, 0, 0, 0, 0, 0, 0, 0, 0
1727226519393537600, SB-CE32, -242.49350575624098, 133.09388378664624, 298.9344614189773, 93, 0, 0, 0, 0, 0, 0, 0, 0, 0
1727226519741874600, rvr1, 112.8911117328463, 68.7562551948338, 87, -43, 0, 0, 0, 0, 0, 0, 0, 0, 0
1727226519799611900, rvr4, -230.40413994416508, 5.3379603474331745, 95, 141, 0, 0, 0, 0, 0, 0, 0, 0, 0
1727226520121307700, SB-8427, -119.62919984712781, 148.75182168793577, 0.6600682764091735, 233, 0, 0, 0, 0, 0, 0, 0, 0, 0
1727226520344885000, SB-CE32, -242.48706673166157, 133.09839281712635, 345.60915188795144, 93, 0, 0, 0, 0, 0, 0, 0, 0, 0
1727226520625146600, rvr1, 107.52691544542355, 94.10832957719067, 87, 223, 0, 0, 0, 0, 0, 0, 0, 0, 0
1727226520658516900, rvr4, -230.83154450089788, 4.5031829737331295, 95, -141, 0, 0, 0, 0, 0, 0, 0, 0, 0
1727226521479535400, rvr4, -230.89685849777652, 4.436483302063404, 95, 141, 0, 0, 0, 0, 0, 0, 0, 0, 0
1727226521508920400, rvr1, 84.87239107529582, 112.57083397897766, 87, -137, 0, 0, 0, 0, 0, 0, 0, 0, 0
1727226521538919200, SB-CE32, -242.50422558564566, 133.14356585722643, 285.40238060626564, 93, 0, 0, 0, 0, 0, 0, 0, 0, 0
1727226521619545100, SB-8427, -75.90939528543936, 179.04231282581253, 0.6962408174323281, 307, 0, 0, 0, 0, 0, 0, 0, 0, 0
1727226522609394300, rvr4, -230.84088952448087, 4.514602889335797, 95, -141, 0, 0, 0, 0, 0, 0, 0, 0, 0
1727226522576709800, rvr1, 53.80073420070298, 102.39233898566411, 87, -137, 0, 0, 0, 0, 0, 0, 0, 0, 0
1727226522929826500, SB-CE32, -242.50100570166532, 133.26890892540587, 350.8946047128655, 267, 0, 0, 0, 0, 0, 0, 0, 0, 0
1727226523382545000, SB-8427, -33.5952394500879, 208.4589459644166, 0.26296338119178675, 233, 0, 0, 0, 0, 0, 0, 0, 0, 0
1727226523448949000, rvr1, 37.76059127126521, 78.53791575558924, 87, -137, 0, 0, 0, 0, 0, 0, 0, 0, 0
1727226523459947000, rvr4, -229.44826647801233, -22.475098719015275, 95, 141, 0, 0, 0, 0, 0, 0, 0, 0, 0
1727226523859096300, SB-CE32, -242.4983714943935, 133.32426301525308, 200.27231512780006, 267, 0, 0, 0, 0, 0, 0, 0, 0, 0
1727226524334381000, rvr1, 20.025517443907468, 52.14027616953835, 87, -137, 0, 0, 0, 0, 0, 0, 0, 0, 0
1727226524438991000, rvr4, -212.10932737317307, -53.47088795964491, 95, -141, 0, 0, 0, 0, 0, 0, 0, 0, 0
1727226524782094900, SB-CE32, -242.4912359941548, 133.34736007815258, 315.23742666116027, 267, 0, 0, 0, 0, 0, 0, 0, 0, 0
1727226525132570600, rvr1, 4.735566813860198, 29.39701950534871, 87, -137, 0, 0, 0, 0, 0, 0, 0, 0, 0
1727226525169094500, SB-8427, -76.47206975935288, 171.23781433686287, 0.5277941629908768, 307, 0, 0, 0, 0, 0, 0, 0, 0, 0
1727226525189122400, rvr4, -197.14445572839526, -79.45763686680036, 95, 141, 0, 0, 0, 0, 0, 0, 0, 0, 0
1727226525612050000, SB-CE32, -242.15810565683387, 133.35320225009747, 312.2308140535635, 267, 0, 0, 0, 0, 0, 0, 0, 0, 0
1727226526129506700, rvr4, -179.68536818685698, -109.42974433132483, 95, 321, 0, 0, 0, 0, 0, 0, 0, 0, 0
1727226526084722300, rvr1, -13.400086367815604, 2.1443481203308616, 87, -137, 0, 0, 0, 0, 0, 0, 0, 0, 0
1727226526449190000, SB-CE32, -242.5116670586758, 133.4280308715538, 290.975007033448, 267, 0, 0, 0, 0, 0, 0, 0, 0, 0
1727226526761953800, SB-8427, -120.66820725989169, 132.95652343716586, 5.023020550334916, 233, 0, 0, 0, 0, 0, 0, 0, 0, 0
1727226526974387900, rvr1, -29.568895479743993, -21.991172981653783, 87, -137, 0, 0, 0, 0, 0, 0, 0, 0, 0
1727226527019725300, rvr4, -164.16890328173287, -136.46343497112144, 94, 141, 0, 0, 0, 0, 0, 0, 0, 0, 0
1727226527403818600, SB-CE32, -242.46448852319128, 133.49148350300038, 362.23585849922074, 267, 0, 0, 13.124856139278137, -4.102018853966759, 0, 0, 0, 1, 0
1727226527793579600, rvr1, -46.05078642135996, -46.202181379052945, 87, -137, 0, 0, 0, 0, 0, 0, 0, 0, 0
1727226527839229000, rvr4, -147.88469424859906, -164.578378665491, 94, 321, 0, 0, 0, 0, 0, 0, 0, 0, 0
1727226528213043300, SB-CE32, -242.46052544111353, 133.4868239140445, 297.77469098075255, 267, 0, 0, 9.737897517462926, -6.713049942196989, 0, 0, 0, 1, 0
1727226528352530500, SB-8427, -166.0831391655842, 97.33764368873499, 12.437628023315206, 307, 0, 0, -13.802653917595133, 3.6757998568808885, 0, 0, 0, 1, 0
1727226528631524200, rvr1, -62.21675002347588, -70.09598162890177, 87, -137, 0, 0, 0, 0, 0, 0, 0, 0, 0
1727226528709820500, rvr4, -132.52620711407488, -191.11963336208925, 93, 141, 0, 0, 0, 0, 0, 0, 0, 0, 0
1727226529064856600, SB-CE32, -242.1046348005553, 133.29550947587657, 274.358559182133, 266, 0, 0, 5.962200433903519, -9.477273249909484, 0, 0, 0, 1, 0
1727226529453031500, rvr1, -77.9376125051218, -93.32417576209062, 87, 317, 0, 0, 0, 0, 0, 0, 0, 0, 0
1727226529550720800, rvr4, -128.59248866596124, -196.68253541072275, 93, 321, 0, 0, 5.611538561472218, 12.570292158844481, 0, 0, 0, 1, 0
